.v 41

.l 1 A20
.l 2 AKT
.l 3 Apaf1
.l 4 APC
.l 5 BAD
.l 6 BclX
.l 7 BID
.l 8 Cas12
.l 9 Cas3
.l 10 Cas3_dummy
.l 11 Cas6
.l 12 Cas7
.l 13 Cas8
.l 14 Cas9
.l 15 cFLIP
.l 16 DNADamageEvent
.l 17 FADD
.l 18 GFR
.l 19 IAP
.l 20 IkB
.l 21 IKK
.l 22 JNK
.l 23 JNKK
.l 24 Mdm2
.l 25 MEKK1
.l 26 Mito
.l 27 NFkB
.l 28 NIK
.l 29 p53
.l 30 PI3K
.l 31 PIP2
.l 32 PIP3
.l 33 PTEN
.l 34 RIP
.l 35 TNFR1
.l 36 TNFR2
.l 37 TRADD
.l 38 TRAF
.l 39 TRAF2
.l 40 GF
.l 41 TNF

# 1 A20 
.n 1 1 27
0 0
1 1

# 2 AKT 
.n 2 1 32
0 0
1 1

# 3 Apaf1 
.n 3 1 29
0 0
1 1

# 4 APC 
.n 4 4 3 14 19 26
0000 0
0001 0
0010 0
0011 0
0100 0
0101 0
0110 0
0111 0
1000 0
1001 0
1010 0
1011 0
1100 0
1101 1
1110 0
1111 0

# 5 BAD 
.n 5 2 2 29
00 0
01 1
10 0
11 0

# 6 BclX 
.n 6 3 5 27 29
000 0
001 0
010 1
011 0
100 0
101 0
110 0
111 0

# 7 BID 
.n 7 4 6 13 22 29
0000 0
0001 0
0010 0
0011 1
0100 0
0101 1
0110 0
0111 1
1000 0
1001 0
1010 0
1011 0
1100 0
1101 0
1110 0
1111 0

# 8 Cas12 
.n 8 1 12
0 0
1 1

# 9 Cas3 
.n 9 4 4 11 13 19
0000 0
0001 0
0010 1
0011 0
0100 1
0101 1
0110 1
0111 1
1000 1
1001 0
1010 1
1011 0
1100 1
1101 1
1110 1
1111 1

# 10 Cas3_dummy 
.n 10 1 9
0 0
1 1

# 11 Cas6 
.n 11 2 9 19
00 0
01 0
10 1
11 0

# 12 Cas7 
.n 12 3 4 13 19
000 0
001 0
010 1
011 0
100 1
101 0
110 1
111 0

# 13 Cas8 
.n 13 3 11 17 15
000 0
001 0
010 1
011 0
100 1
101 0
110 1
111 0

# 14 Cas9 
.n 14 4 2 8 9 19
0000 0
0001 0
0010 1
0011 0
0100 1
0101 0
0110 1
0111 0
1000 0
1001 0
1010 0
1011 0
1100 0
1101 0
1110 0
1111 0

# 15 cFLIP 
.n 15 1 38
0 0
1 1

# 16 DNADamageEvent 
.n 16 2 9 10
00 0
01 0
10 0
11 1

# 17 FADD 
.n 17 1 37
0 0
1 1

# 18 GFR 
.n 18 1 40
0 0
1 1

# 19 IAP 
.n 19 4 9 11 26 27
0000 0
0001 1
0010 0
0011 0
0100 0
0101 1
0110 0
0111 0
1000 0
1001 1
1010 0
1011 0
1100 0
1101 0
1110 0
1111 0

# 20 IkB 
.n 20 2 21 27
00 0
01 1
10 0
11 0

# 21 IKK 
.n 21 3 1 2 28
000 0
001 1
010 1
011 1
100 0
101 0
110 0
111 0

# 22 JNK 
.n 22 1 23
0 0
1 1

# 23 JNKK 
.n 23 2 2 25
00 0
01 1
10 0
11 0

# 24 Mdm2 
.n 24 2 2 29
00 0
01 1
10 1
11 1

# 25 MEKK1 
.n 25 1 34
0 0
1 1

# 26 Mito 
.n 26 2 7 6
00 0
01 0
10 1
11 0

# 27 NFkB 
.n 27 1 20
0 1
1 0

# 28 NIK 
.n 28 1 39
0 0
1 1

# 29 p53 
.n 29 3 16 22 24
000 0
001 0
010 1
011 0
100 1
101 1
110 1
111 1

# 30 PI3K 
.n 30 1 18
0 0
1 1

# 31 PIP2 
.n 31 1 18
0 0
1 1

# 32 PIP3 
.n 32 3 30 31 33
000 0
001 0
010 0
011 0
100 0
101 0
110 1
111 0

# 33 PTEN 
.n 33 1 29
0 0
1 1

# 34 RIP 
.n 34 1 37
0 0
1 1

# 35 TNFR1 
.n 35 1 41
0 0
1 1

# 36 TNFR2 
.n 36 1 41
0 0
1 1

# 37 TRADD 
.n 37 1 35
0 0
1 1

# 38 TRAF 
.n 38 1 37
0 0
1 1

# 39 TRAF2 
.n 39 1 36
0 0
1 1

# 40 GF 
.n 40 0

# 41 TNF 
.n 41 0

.e End of file
