.v 14

.l 1 MYB77
.l 2 KRP1
.l 3 CYCB1;1
.l 4 E2Fe
.l 5 RBR
.l 6 CYCD3;1
.l 7 E2Fa
.l 8 SCF
.l 9 E2Fc
.l 10 APC/C
.l 11 MYB3R1/4
.l 12 CYCA2;3
.l 13 E2Fb
.l 14 CDKB1;1

# 1 MYB77 
.n 1 4 2 5 6 13
1111 0
1110 0
1101 0
1100 0
1011 1
1010 0
1001 1
1000 0
0111 1
0110 0
0101 0
0100 0
0011 1
0010 0
0001 1
0000 0

# 2 KRP1 
.n 2 5 1 8 11 12 14
11111 0
11110 1
11101 1
11100 1
11011 0
11010 1
11001 1
11000 1
10111 1
10110 1
10101 1
10100 1
10011 1
10010 1
10001 1
10000 1
01111 0
01110 1
01101 1
01100 1
01011 0
01010 0
01001 0
01000 0
00111 1
00110 1
00101 1
00100 1
00011 0
00010 0
00001 0
00000 0

# 3 CYCB1;1 
.n 3 8 1 2 5 6 9 10 11 13
11111111 0
11111110 0
11111101 0
11111100 0
11111011 1
11111010 1
11111001 1
11111000 1
11110111 0
11110110 0
11110101 0
11110100 0
11110011 1
11110010 1
11110001 1
11110000 1
11101111 0
11101110 0
11101101 0
11101100 0
11101011 1
11101010 1
11101001 1
11101000 1
11100111 0
11100110 0
11100101 0
11100100 0
11100011 1
11100010 1
11100001 1
11100000 1
11011111 0
11011110 0
11011101 0
11011100 0
11011011 1
11011010 1
11011001 1
11011000 1
11010111 0
11010110 0
11010101 0
11010100 0
11010011 1
11010010 1
11010001 1
11010000 1
11001111 0
11001110 0
11001101 0
11001100 0
11001011 1
11001010 1
11001001 1
11001000 1
11000111 0
11000110 0
11000101 0
11000100 0
11000011 1
11000010 1
11000001 1
11000000 1
10111111 0
10111110 0
10111101 0
10111100 0
10111011 1
10111010 1
10111001 1
10111000 1
10110111 0
10110110 0
10110101 0
10110100 0
10110011 1
10110010 1
10110001 1
10110000 1
10101111 0
10101110 0
10101101 0
10101100 0
10101011 1
10101010 1
10101001 1
10101000 1
10100111 0
10100110 0
10100101 0
10100100 0
10100011 1
10100010 1
10100001 1
10100000 1
10011111 0
10011110 0
10011101 0
10011100 0
10011011 1
10011010 1
10011001 1
10011000 1
10010111 0
10010110 0
10010101 0
10010100 0
10010011 1
10010010 1
10010001 1
10010000 1
10001111 0
10001110 0
10001101 0
10001100 0
10001011 1
10001010 1
10001001 1
10001000 1
10000111 0
10000110 0
10000101 0
10000100 0
10000011 1
10000010 1
10000001 1
10000000 1
01111111 0
01111110 0
01111101 0
01111100 0
01111011 1
01111010 1
01111001 0
01111000 0
01110111 0
01110110 0
01110101 0
01110100 0
01110011 1
01110010 1
01110001 0
01110000 0
01101111 0
01101110 0
01101101 0
01101100 0
01101011 1
01101010 1
01101001 0
01101000 0
01100111 0
01100110 0
01100101 0
01100100 0
01100011 1
01100010 1
01100001 0
01100000 0
01011111 0
01011110 0
01011101 0
01011100 0
01011011 1
01011010 1
01011001 0
01011000 0
01010111 0
01010110 0
01010101 0
01010100 0
01010011 1
01010010 1
01010001 1
01010000 0
01001111 0
01001110 0
01001101 0
01001100 0
01001011 1
01001010 1
01001001 0
01001000 0
01000111 0
01000110 0
01000101 0
01000100 0
01000011 1
01000010 1
01000001 1
01000000 0
00111111 0
00111110 0
00111101 0
00111100 0
00111011 1
00111010 1
00111001 0
00111000 0
00110111 0
00110110 0
00110101 0
00110100 0
00110011 1
00110010 1
00110001 1
00110000 0
00101111 0
00101110 0
00101101 0
00101100 0
00101011 1
00101010 1
00101001 0
00101000 0
00100111 0
00100110 0
00100101 0
00100100 0
00100011 1
00100010 1
00100001 0
00100000 0
00011111 0
00011110 0
00011101 0
00011100 0
00011011 1
00011010 1
00011001 0
00011000 0
00010111 0
00010110 0
00010101 0
00010100 0
00010011 1
00010010 1
00010001 1
00010000 0
00001111 0
00001110 0
00001101 0
00001100 0
00001011 1
00001010 1
00001001 0
00001000 0
00000111 0
00000110 0
00000101 0
00000100 0
00000011 1
00000010 1
00000001 1
00000000 0

# 4 E2Fe 
.n 4 6 1 2 5 6 9 13
111111 1
111110 1
111101 1
111100 1
111011 1
111010 1
111001 1
111000 1
110111 1
110110 1
110101 1
110100 1
110011 1
110010 1
110001 1
110000 1
101111 1
101110 1
101101 1
101100 1
101011 1
101010 1
101001 1
101000 1
100111 1
100110 1
100101 1
100100 1
100011 1
100010 1
100001 1
100000 1
011111 0
011110 0
011101 1
011100 1
011011 0
011010 0
011001 1
011000 1
010111 1
010110 0
010101 1
010100 1
010011 1
010010 0
010001 1
010000 1
001111 1
001110 0
001101 1
001100 1
001011 0
001010 0
001001 1
001000 1
000111 1
000110 0
000101 1
000100 1
000011 1
000010 0
000001 1
000000 1

# 5 RBR 
.n 5 5 2 5 6 7 11
11111 1
11110 0
11101 1
11100 0
11011 1
11010 0
11001 1
11000 0
10111 1
10110 1
10101 1
10100 0
10011 1
10010 1
10001 1
10000 0
01111 0
01110 0
01101 0
01100 0
01011 1
01010 0
01001 1
01000 0
00111 0
00110 0
00101 0
00100 0
00011 1
00010 1
00001 1
00000 0

# 6 CYCD3;1 
.n 6 1 8
1 0
0 1

# 7 E2Fa 
.n 7 4 7 9 12 14
1111 0
1110 1
1101 1
1100 1
1011 0
1010 1
1001 1
1000 1
0111 0
0110 0
0101 0
0100 0
0011 0
0010 1
0001 1
0000 1

# 8 SCF 
.n 8 6 2 5 6 10 11 13
111111 0
111110 0
111101 0
111100 0
111011 1
111010 1
111001 0
111000 0
110111 0
110110 0
110101 0
110100 0
110011 1
110010 1
110001 0
110000 0
101111 0
101110 0
101101 0
101100 0
101011 1
101010 1
101001 1
101000 0
100111 0
100110 0
100101 0
100100 0
100011 1
100010 1
100001 1
100000 0
011111 0
011110 0
011101 0
011100 0
011011 1
011010 1
011001 1
011000 0
010111 0
010110 0
010101 0
010100 0
010011 1
010010 1
010001 0
010000 0
001111 0
001110 0
001101 0
001100 0
001011 1
001010 1
001001 1
001000 0
000111 0
000110 0
000101 0
000100 0
000011 1
000010 1
000001 1
000000 0

# 9 E2Fc 
.n 9 6 2 5 6 7 8 11
111111 1
111110 0
111101 1
111100 0
111011 1
111010 0
111001 1
111000 0
110111 1
110110 0
110101 1
110100 0
110011 1
110010 0
110001 1
110000 0
101111 1
101110 1
101101 1
101100 1
101011 1
101010 0
101001 1
101000 0
100111 1
100110 1
100101 1
100100 1
100011 1
100010 0
100001 1
100000 0
011111 0
011110 0
011101 1
011100 0
011011 0
011010 0
011001 1
011000 0
010111 1
010110 0
010101 1
010100 0
010011 1
010010 0
010001 1
010000 0
001111 0
001110 0
001101 1
001100 1
001011 0
001010 0
001001 1
001000 0
000111 1
000110 1
000101 1
000100 1
000011 1
000010 0
000001 1
000000 0

# 10 APC/C 
.n 10 5 1 4 5 7 11
11111 0
11110 0
11101 0
11100 0
11011 0
11010 0
11001 0
11000 0
10111 1
10110 1
10101 1
10100 1
10011 1
10010 1
10001 1
10000 1
01111 0
01110 0
01101 0
01100 0
01011 0
01010 0
01001 0
01000 0
00111 1
00110 0
00101 1
00100 0
00011 1
00010 1
00001 1
00000 0

# 11 MYB3R1/4 
.n 11 4 1 2 3 11
1111 1
1110 1
1101 1
1100 1
1011 1
1010 1
1001 1
1000 1
0111 0
0110 0
0101 0
0100 0
0011 1
0010 0
0001 0
0000 0

# 12 CYCA2;3 
.n 12 3 1 10 11
111 0
110 0
101 1
100 1
011 0
010 0
001 1
000 0

# 13 E2Fb 
.n 13 2 5 7
11 0
10 0
01 1
00 0

# 14 CDKB1;1 
.n 14 7 1 2 5 6 9 11 13
1111111 1
1111110 1
1111101 1
1111100 1
1111011 1
1111010 1
1111001 1
1111000 1
1110111 1
1110110 1
1110101 1
1110100 1
1110011 1
1110010 1
1110001 1
1110000 1
1101111 1
1101110 1
1101101 1
1101100 1
1101011 1
1101010 1
1101001 1
1101000 1
1100111 1
1100110 1
1100101 1
1100100 1
1100011 1
1100010 1
1100001 1
1100000 1
1011111 1
1011110 1
1011101 1
1011100 1
1011011 1
1011010 1
1011001 1
1011000 1
1010111 1
1010110 1
1010101 1
1010100 1
1010011 1
1010010 1
1010001 1
1010000 1
1001111 1
1001110 1
1001101 1
1001100 1
1001011 1
1001010 1
1001001 1
1001000 1
1000111 1
1000110 1
1000101 1
1000100 1
1000011 1
1000010 1
1000001 1
1000000 1
0111111 1
0111110 1
0111101 0
0111100 0
0111011 1
0111010 1
0111001 0
0111000 0
0110111 1
0110110 1
0110101 0
0110100 0
0110011 1
0110010 1
0110001 0
0110000 0
0101111 1
0101110 1
0101101 0
0101100 0
0101011 1
0101010 1
0101001 1
0101000 0
0100111 1
0100110 1
0100101 0
0100100 0
0100011 1
0100010 1
0100001 1
0100000 0
0011111 1
0011110 1
0011101 0
0011100 0
0011011 1
0011010 1
0011001 1
0011000 0
0010111 1
0010110 1
0010101 0
0010100 0
0010011 1
0010010 1
0010001 0
0010000 0
0001111 1
0001110 1
0001101 0
0001100 0
0001011 1
0001010 1
0001001 1
0001000 0
0000111 1
0000110 1
0000101 0
0000100 0
0000011 1
0000010 1
0000001 1
0000000 0

.e End of file
