.v 23

.l 1 PP2A
.l 2 STMN
.l 3 CDC25B
.l 4 CentrosomeMat
.l 5 PLK1
.l 6 CDK1CCNBComplex
.l 7 hCPEB
.l 8 TPX2
.l 9 AURKAActive
.l 10 NEDD9
.l 11 ENSA
.l 12 Cytokinesis
.l 13 PP1
.l 14 MT
.l 15 SpindleAssembly
.l 16 WEE1
.l 17 BORA
.l 18 AURKAPresent
.l 19 GWL_MASTL
.l 20 AJUBA
.l 21 GSK3B
.l 22 MTCanAct
.l 23 STMNCanAct

# 1 PP2A 
.n 1 2 11 13
11 0
10 0
01 1
00 0

# 2 STMN 
.n 2 1 9
1 0
0 1

# 3 CDC25B 
.n 3 3 5 9 12
111 0
110 1
101 0
100 1
011 0
010 1
001 0
000 0

# 4 CentrosomeMat 
.n 4 2 6 15
11 0
10 1
01 0
00 0

# 5 PLK1 
.n 5 5 2 9 14 22 23
11111 1
11110 1
11101 1
11100 1
11011 1
11010 1
11001 1
11000 1
10111 1
10110 1
10101 0
10100 0
10011 0
10010 0
10001 0
10000 0
01111 1
01110 1
01101 1
01100 1
01011 1
01010 1
01001 1
01000 1
00111 1
00110 1
00101 1
00100 0
00011 1
00010 0
00001 1
00000 0

# 6 CDK1CCNBComplex 
.n 6 4 3 7 12 16
1111 0
1110 0
1101 1
1100 1
1011 0
1010 0
1001 1
1000 1
0111 0
0110 0
0101 1
0100 1
0011 0
0010 0
0001 0
0000 1

# 7 hCPEB 
.n 7 1 9
1 1
0 0

# 8 TPX2 
.n 8 1 5
1 1
0 0

# 9 AURKAActive 
.n 9 7 8 9 10 13 17 18 20
1111111 0
1111110 0
1111101 0
1111100 0
1111011 0
1111010 0
1111001 0
1111000 0
1110111 1
1110110 1
1110101 0
1110100 0
1110011 1
1110010 1
1110001 0
1110000 0
1101111 0
1101110 0
1101101 0
1101100 0
1101011 0
1101010 0
1101001 0
1101000 0
1100111 1
1100110 1
1100101 0
1100100 0
1100011 1
1100010 1
1100001 0
1100000 0
1011111 1
1011110 1
1011101 0
1011100 0
1011011 1
1011010 1
1011001 0
1011000 0
1010111 1
1010110 1
1010101 0
1010100 0
1010011 1
1010010 1
1010001 0
1010000 0
1001111 1
1001110 1
1001101 0
1001100 0
1001011 1
1001010 1
1001001 0
1001000 0
1000111 1
1000110 1
1000101 0
1000100 0
1000011 1
1000010 1
1000001 0
1000000 0
0111111 0
0111110 0
0111101 0
0111100 0
0111011 0
0111010 0
0111001 0
0111000 0
0110111 1
0110110 0
0110101 0
0110100 0
0110011 1
0110010 0
0110001 0
0110000 0
0101111 0
0101110 0
0101101 0
0101100 0
0101011 0
0101010 0
0101001 0
0101000 0
0100111 1
0100110 0
0100101 0
0100100 0
0100011 0
0100010 0
0100001 0
0100000 0
0011111 1
0011110 0
0011101 0
0011100 0
0011011 1
0011010 0
0011001 0
0011000 0
0010111 1
0010110 0
0010101 0
0010100 0
0010011 1
0010010 0
0010001 0
0010000 0
0001111 1
0001110 0
0001101 0
0001100 0
0001011 0
0001010 0
0001001 0
0001000 0
0000111 1
0000110 0
0000101 0
0000100 0
0000011 0
0000010 0
0000001 0
0000000 0

# 10 NEDD9 
.n 10 1 9
1 1
0 0

# 11 ENSA 
.n 11 1 19
1 1
0 0

# 12 Cytokinesis 
.n 12 2 4 15
11 0
10 0
01 1
00 0

# 13 PP1 
.n 13 3 6 9 12
111 0
110 0
101 0
100 0
011 0
010 0
001 0
000 1

# 14 MT 
.n 14 1 2
1 0
0 1

# 15 SpindleAssembly 
.n 15 2 4 12
11 0
10 1
01 0
00 0

# 16 WEE1 
.n 16 1 5
1 0
0 1

# 17 BORA 
.n 17 3 5 12 21
111 0
110 0
101 1
100 0
011 1
010 0
001 1
000 0

# 18 AURKAPresent 
.n 18 1 1
1 0
0 1

# 19 GWL_MASTL 
.n 19 2 1 6
11 0
10 0
01 1
00 0

# 20 AJUBA 
.n 20 0

# 21 GSK3B 
.n 21 0

# 22 MTCanAct 
.n 22 0

# 23 STMNCanAct 
.n 23 0

.e End of file
