.v 53

.l 1 NE_Bacterium
.l 2 Th2II_TRetortaeformis
.l 3 Th2II_Bacterium
.l 4 MPI_Bacterium
.l 5 TTSSII
.l 6 Th1II_Bacterium
.l 7 IgA_Bacterium
.l 8 Th2I_Bacterium
.l 9 Oag
.l 10 IL10I_Bacterium
.l 11 TNE
.l 12 TrII
.l 13 Th1II_TRetortaeformis
.l 14 NE_TRetortaeformis
.l 15 DCII_Bacterium
.l 16 DP
.l 17 IgA_TRetortaeformis
.l 18 DCI_Bacterium
.l 19 EC_TRetortaeformis
.l 20 Bb
.l 21 IFNg_Bacterium
.l 22 IgG
.l 23 IL4I
.l 24 IL5
.l 25 EC_Bacterium
.l 26 TrI_Bacterium
.l 27 TTSSI
.l 28 EL
.l 29 IgE
.l 30 IL4II
.l 31 Th2I_TRetortaeformis
.l 32 IgG_Bacterium
.l 33 Th1I_Bacterium
.l 34 EL2
.l 35 DCII_TRetortaeformis
.l 36 DCI_TRetortaeformis
.l 37 T0
.l 38 IL10I
.l 39 PIC
.l 40 PH
.l 41 BC_TRetortaeformis
.l 42 AgAb_Bacterium
.l 43 Th1I_TRetortaeformis
.l 44 TEL
.l 45 IFNgI
.l 46 AP
.l 47 Cb
.l 48 BC_Bacterium
.l 49 AD
.l 50 IFNgII
.l 51 IL13
.l 52 IL12II
.l 53 IS

# 1 NE_Bacterium 
.n 1 1 39
1 1
0 0

# 2 Th2II_TRetortaeformis 
.n 2 3 35 37 52
111 0
110 1
101 0
100 0
011 0
010 0
001 0
000 0

# 3 Th2II_Bacterium 
.n 3 3 15 37 52
111 0
110 1
101 0
100 0
011 0
010 0
001 0
000 0

# 4 MPI_Bacterium 
.n 4 3 20 21 39
111 1
110 1
101 1
100 0
011 0
010 0
001 0
000 0

# 5 TTSSII 
.n 5 1 27
1 1
0 0

# 6 Th1II_Bacterium 
.n 6 3 15 37 52
111 1
110 0
101 0
100 0
011 0
010 0
001 0
000 0

# 7 IgA_Bacterium 
.n 7 3 7 20 48
111 1
110 1
101 0
100 0
011 1
010 0
001 0
000 0

# 8 Th2I_Bacterium 
.n 8 1 3
1 1
0 0

# 9 Oag 
.n 9 1 20
1 1
0 0

# 10 IL10I_Bacterium 
.n 10 4 4 8 26 27
1111 1
1110 1
1101 1
1100 1
1011 1
1010 1
1001 1
1000 1
0111 1
0110 1
0101 1
0100 0
0011 1
0010 1
0001 0
0000 0

# 11 TNE 
.n 11 2 1 14
11 1
10 1
01 1
00 0

# 12 TrII 
.n 12 3 5 15 37
111 1
110 0
101 0
100 0
011 0
010 0
001 0
000 0

# 13 Th1II_TRetortaeformis 
.n 13 3 35 37 52
111 1
110 0
101 0
100 0
011 0
010 0
001 0
000 0

# 14 NE_TRetortaeformis 
.n 14 5 23 38 39 45 49
11111 1
11110 0
11101 1
11100 0
11011 0
11010 0
11001 0
11000 0
10111 1
10110 0
10101 1
10100 0
10011 0
10010 0
10001 0
10000 0
01111 1
01110 0
01101 1
01100 0
01011 0
01010 0
01001 0
01000 0
00111 1
00110 1
00101 1
00100 0
00011 1
00010 1
00001 0
00000 0

# 15 DCII_Bacterium 
.n 15 1 18
1 1
0 0

# 16 DP 
.n 16 2 1 27
11 1
10 0
01 0
00 0

# 17 IgA_TRetortaeformis 
.n 17 2 41 53
11 1
10 0
01 0
00 0

# 18 DCI_Bacterium 
.n 18 3 20 21 39
111 1
110 1
101 1
100 0
011 0
010 0
001 0
000 0

# 19 EC_TRetortaeformis 
.n 19 2 49 53
11 1
10 1
01 1
00 0

# 20 Bb 
.n 20 2 20 40
11 0
10 1
01 0
00 0

# 21 IFNg_Bacterium 
.n 21 5 4 10 18 23 33
11111 1
11110 1
11101 1
11100 1
11011 1
11010 1
11001 1
11000 1
10111 1
10110 1
10101 1
10100 1
10011 1
10010 1
10001 1
10000 1
01111 1
01110 1
01101 1
01100 1
01011 0
01010 0
01001 0
01000 0
00111 1
00110 1
00101 1
00100 1
00011 0
00010 0
00001 1
00000 0

# 22 IgG 
.n 22 1 41
1 1
0 0

# 23 IL4I 
.n 23 1 30
1 1
0 0

# 24 IL5 
.n 24 2 2 34
11 1
10 1
01 1
00 0

# 25 EC_Bacterium 
.n 25 1 20
1 1
0 0

# 26 TrI_Bacterium 
.n 26 1 12
1 1
0 0

# 27 TTSSI 
.n 27 3 7 20 32
111 0
110 0
101 0
100 0
011 0
010 1
001 0
000 0

# 28 EL 
.n 28 2 34 53
11 0
10 0
01 1
00 0

# 29 IgE 
.n 29 3 30 41 51
111 1
110 1
101 0
100 0
011 1
010 0
001 0
000 0

# 30 IL4II 
.n 30 8 2 3 15 34 35 37 45 52
11111111 1
11111110 1
11111101 1
11111100 1
11111011 1
11111010 1
11111001 1
11111000 1
11110111 1
11110110 1
11110101 1
11110100 1
11110011 1
11110010 1
11110001 1
11110000 1
11101111 0
11101110 0
11101101 0
11101100 1
11101011 0
11101010 0
11101001 0
11101000 1
11100111 0
11100110 0
11100101 0
11100100 1
11100011 0
11100010 0
11100001 0
11100000 1
11011111 1
11011110 1
11011101 1
11011100 1
11011011 1
11011010 1
11011001 1
11011000 1
11010111 1
11010110 1
11010101 1
11010100 1
11010011 1
11010010 1
11010001 1
11010000 1
11001111 0
11001110 0
11001101 0
11001100 1
11001011 0
11001010 0
11001001 0
11001000 1
11000111 0
11000110 0
11000101 0
11000100 1
11000011 0
11000010 0
11000001 0
11000000 1
10111111 1
10111110 1
10111101 1
10111100 1
10111011 1
10111010 1
10111001 1
10111000 1
10110111 1
10110110 1
10110101 1
10110100 1
10110011 1
10110010 1
10110001 1
10110000 1
10101111 0
10101110 0
10101101 0
10101100 1
10101011 0
10101010 0
10101001 0
10101000 1
10100111 0
10100110 0
10100101 0
10100100 1
10100011 0
10100010 0
10100001 0
10100000 1
10011111 1
10011110 1
10011101 1
10011100 1
10011011 1
10011010 1
10011001 1
10011000 1
10010111 1
10010110 1
10010101 1
10010100 1
10010011 1
10010010 1
10010001 1
10010000 1
10001111 0
10001110 0
10001101 0
10001100 1
10001011 0
10001010 0
10001001 0
10001000 1
10000111 0
10000110 0
10000101 0
10000100 1
10000011 0
10000010 0
10000001 0
10000000 1
01111111 1
01111110 1
01111101 1
01111100 1
01111011 1
01111010 1
01111001 1
01111000 1
01110111 1
01110110 1
01110101 1
01110100 1
01110011 1
01110010 1
01110001 1
01110000 1
01101111 0
01101110 0
01101101 0
01101100 1
01101011 0
01101010 0
01101001 0
01101000 1
01100111 0
01100110 0
01100101 0
01100100 1
01100011 0
01100010 0
01100001 0
01100000 1
01011111 1
01011110 1
01011101 1
01011100 1
01011011 1
01011010 1
01011001 1
01011000 1
01010111 1
01010110 1
01010101 1
01010100 1
01010011 1
01010010 1
01010001 1
01010000 1
01001111 0
01001110 0
01001101 0
01001100 1
01001011 0
01001010 0
01001001 0
01001000 1
01000111 0
01000110 0
01000101 0
01000100 1
01000011 0
01000010 0
01000001 0
01000000 1
00111111 1
00111110 1
00111101 1
00111100 1
00111011 1
00111010 1
00111001 1
00111000 1
00110111 1
00110110 1
00110101 1
00110100 1
00110011 1
00110010 1
00110001 1
00110000 1
00101111 0
00101110 0
00101101 0
00101100 1
00101011 0
00101010 0
00101001 0
00101000 0
00100111 0
00100110 0
00100101 0
00100100 1
00100011 0
00100010 0
00100001 0
00100000 0
00011111 1
00011110 1
00011101 1
00011100 1
00011011 1
00011010 1
00011001 1
00011000 1
00010111 1
00010110 1
00010101 1
00010100 1
00010011 1
00010010 1
00010001 1
00010000 1
00001111 0
00001110 0
00001101 0
00001100 1
00001011 0
00001010 0
00001001 0
00001000 0
00000111 0
00000110 0
00000101 0
00000100 0
00000011 0
00000010 0
00000001 0
00000000 0

# 31 Th2I_TRetortaeformis 
.n 31 1 2
1 1
0 0

# 32 IgG_Bacterium 
.n 32 2 32 48
11 1
10 1
01 1
00 0

# 33 Th1I_Bacterium 
.n 33 1 6
1 1
0 0

# 34 EL2 
.n 34 3 24 29 51
111 1
110 1
101 1
100 0
011 0
010 0
001 0
000 0

# 35 DCII_TRetortaeformis 
.n 35 1 36
1 1
0 0

# 36 DCI_TRetortaeformis 
.n 36 1 39
1 1
0 0

# 37 T0 
.n 37 2 15 35
11 1
10 1
01 1
00 0

# 38 IL10I 
.n 38 2 10 31
11 1
10 1
01 1
00 0

# 39 PIC 
.n 39 6 17 19 25 38 46 49
111111 0
111110 0
111101 0
111100 0
111011 0
111010 0
111001 0
111000 0
110111 0
110110 0
110101 0
110100 0
110011 0
110010 0
110001 0
110000 0
101111 0
101110 0
101101 0
101100 0
101011 0
101010 0
101001 0
101000 0
100111 0
100110 0
100101 0
100100 0
100011 0
100010 0
100001 0
100000 0
011111 0
011110 0
011101 0
011100 0
011011 1
011010 1
011001 1
011000 1
010111 0
010110 0
010101 0
010100 0
010011 1
010010 1
010001 1
010000 1
001111 0
001110 0
001101 0
001100 0
001011 1
001010 1
001001 1
001000 1
000111 0
000110 0
000101 0
000100 0
000011 1
000010 1
000001 1
000000 0

# 40 PH 
.n 40 2 20 46
11 1
10 0
01 0
00 0

# 41 BC_TRetortaeformis 
.n 41 2 37 41
11 1
10 1
01 1
00 0

# 42 AgAb_Bacterium 
.n 42 3 7 20 32
111 1
110 1
101 0
100 0
011 1
010 0
001 0
000 0

# 43 Th1I_TRetortaeformis 
.n 43 1 13
1 1
0 0

# 44 TEL 
.n 44 2 28 34
11 1
10 1
01 1
00 0

# 45 IFNgI 
.n 45 3 21 36 43
111 1
110 1
101 1
100 1
011 1
010 1
001 1
000 0

# 46 AP 
.n 46 6 4 20 32 33 42 47
111111 1
111110 1
111101 1
111100 0
111011 0
111010 0
111001 0
111000 0
110111 1
110110 1
110101 0
110100 0
110011 0
110010 0
110001 0
110000 0
101111 0
101110 0
101101 0
101100 0
101011 0
101010 0
101001 0
101000 0
100111 0
100110 0
100101 0
100100 0
100011 0
100010 0
100001 0
100000 0
011111 0
011110 0
011101 0
011100 0
011011 0
011010 0
011001 0
011000 0
010111 0
010110 0
010101 0
010100 0
010011 0
010010 0
010001 0
010000 0
001111 0
001110 0
001101 0
001100 0
001011 0
001010 0
001001 0
001000 0
000111 0
000110 0
000101 0
000100 0
000011 0
000010 0
000001 0
000000 0

# 47 Cb 
.n 47 4 9 20 32 42
1111 1
1110 0
1101 0
1100 0
1011 1
1010 0
1001 0
1000 0
0111 1
0110 1
0101 1
0100 1
0011 1
0010 0
0001 0
0000 0

# 48 BC_Bacterium 
.n 48 2 37 48
11 1
10 1
01 1
00 0

# 49 AD 
.n 49 5 4 14 22 49 53
11111 0
11110 0
11101 0
11100 0
11011 0
11010 0
11001 0
11000 0
10111 0
10110 0
10101 0
10100 0
10011 0
10010 0
10001 0
10000 0
01111 0
01110 0
01101 0
01100 0
01011 0
01010 0
01001 0
01000 0
00111 1
00110 1
00101 1
00100 0
00011 0
00010 0
00001 0
00000 0

# 50 IFNgII 
.n 50 2 21 45
11 1
10 1
01 1
00 0

# 51 IL13 
.n 51 5 8 28 31 34 53
11111 1
11110 1
11101 1
11100 1
11011 1
11010 1
11001 1
11000 1
10111 1
10110 1
10101 1
10100 1
10011 1
10010 1
10001 1
10000 1
01111 1
01110 1
01101 1
01100 1
01011 1
01010 1
01001 1
01000 0
00111 1
00110 1
00101 1
00100 1
00011 1
00010 1
00001 0
00000 0

# 52 IL12II 
.n 52 4 15 30 35 37
1111 0
1110 0
1101 0
1100 0
1011 1
1010 0
1001 1
1000 0
0111 0
0110 0
0101 0
0100 0
0011 1
0010 0
0001 0
0000 0

# 53 IS 
.n 53 0

.e End of file
