.v 53

.l 1 AD
.l 2 AgAb_Bacterium
.l 3 AP
.l 4 Bb
.l 5 BC_Bacterium
.l 6 BC_TRetortaeformis
.l 7 Cb
.l 8 DCII_Bacterium
.l 9 DCII_TRetortaeformis
.l 10 DCI_Bacterium
.l 11 DCI_TRetortaeformis
.l 12 DP
.l 13 EC_Bacterium
.l 14 EC_TRetortaeformis
.l 15 EL
.l 16 EL2
.l 17 IFNgI
.l 18 IFNgII
.l 19 IFNg_Bacterium
.l 20 IgA_Bacterium
.l 21 IgA_TRetortaeformis
.l 22 IgE
.l 23 IgG
.l 24 IgG_Bacterium
.l 25 IL10I
.l 26 IL10I_Bacterium
.l 27 IL12II
.l 28 IL13
.l 29 IL4I
.l 30 IL4II
.l 31 IL5
.l 32 MPI_Bacterium
.l 33 NE_Bacterium
.l 34 NE_TRetortaeformis
.l 35 Oag
.l 36 PH
.l 37 PIC
.l 38 T0
.l 39 TEL
.l 40 Th1II_Bacterium
.l 41 Th1II_TRetortaeformis
.l 42 Th1I_Bacterium
.l 43 Th1I_TRetortaeformis
.l 44 Th2II_Bacterium
.l 45 Th2II_TRetortaeformis
.l 46 Th2I_Bacterium
.l 47 Th2I_TRetortaeformis
.l 48 TNE
.l 49 TrII
.l 50 TrI_Bacterium
.l 51 TTSSI
.l 52 TTSSII
.l 53 IS

# 1 AD 
.n 1 5 1 53 23 32 34
00000 0
00001 0
00010 0
00011 0
00100 0
00101 0
00110 0
00111 0
01000 1
01001 1
01010 1
01011 1
01100 1
01101 1
01110 1
01111 1
10000 1
10001 1
10010 1
10011 1
10100 1
10101 0
10110 0
10111 0
11000 1
11001 1
11010 1
11011 1
11100 1
11101 1
11110 1
11111 1

# 2 AgAb_Bacterium 
.n 2 3 4 20 24
000 0
001 0
010 0
011 0
100 0
101 1
110 1
111 1

# 3 AP 
.n 3 6 2 4 7 24 32 42
000000 0
000001 0
000010 0
000011 0
000100 0
000101 0
000110 0
000111 0
001000 0
001001 0
001010 0
001011 0
001100 0
001101 0
001110 0
001111 0
010000 0
010001 0
010010 0
010011 0
010100 0
010101 0
010110 0
010111 0
011000 0
011001 0
011010 0
011011 0
011100 0
011101 0
011110 0
011111 1
100000 0
100001 0
100010 0
100011 0
100100 0
100101 0
100110 0
100111 0
101000 0
101001 0
101010 0
101011 0
101100 0
101101 0
101110 0
101111 0
110000 0
110001 0
110010 0
110011 1
110100 0
110101 0
110110 0
110111 1
111000 0
111001 0
111010 0
111011 1
111100 0
111101 0
111110 0
111111 1

# 4 Bb 
.n 4 2 4 36
00 0
01 0
10 1
11 0

# 5 BC_Bacterium 
.n 5 2 5 38
00 0
01 1
10 1
11 1

# 6 BC_TRetortaeformis 
.n 6 2 6 38
00 0
01 1
10 1
11 1

# 7 Cb 
.n 7 4 2 4 24 35
0000 0
0001 0
0010 0
0011 0
0100 1
0101 0
0110 1
0111 0
1000 0
1001 0
1010 1
1011 1
1100 1
1101 0
1110 1
1111 1

# 8 DCII_Bacterium 
.n 8 1 10
0 0
1 1

# 9 DCII_TRetortaeformis 
.n 9 1 11
0 0
1 1

# 10 DCI_Bacterium 
.n 10 3 4 19 37
000 0
001 0
010 0
011 0
100 0
101 1
110 1
111 1

# 11 DCI_TRetortaeformis 
.n 11 1 37
0 0
1 1

# 12 DP 
.n 12 2 33 51
00 0
01 0
10 0
11 1

# 13 EC_Bacterium 
.n 13 1 4
0 0
1 1

# 14 EC_TRetortaeformis 
.n 14 2 1 53
00 0
01 1
10 1
11 1

# 15 EL 
.n 15 2 16 53
00 0
01 1
10 0
11 0

# 16 EL2 
.n 16 3 28 31 22
000 0
001 0
010 0
011 1
100 0
101 0
110 1
111 1

# 17 IFNgI 
.n 17 3 11 19 43
000 0
001 1
010 1
011 1
100 1
101 1
110 1
111 1

# 18 IFNgII 
.n 18 2 17 19
00 0
01 1
10 1
11 1

# 19 IFNg_Bacterium 
.n 19 5 10 26 29 32 42
00000 0
00001 1
00010 1
00011 1
00100 0
00101 0
00110 1
00111 1
01000 0
01001 0
01010 1
01011 1
01100 0
01101 0
01110 1
01111 1
10000 1
10001 1
10010 1
10011 1
10100 1
10101 1
10110 1
10111 1
11000 1
11001 1
11010 1
11011 1
11100 1
11101 1
11110 1
11111 1

# 20 IgA_Bacterium 
.n 20 3 5 4 20
000 0
001 0
010 0
011 1
100 0
101 0
110 1
111 1

# 21 IgA_TRetortaeformis 
.n 21 2 6 53
00 0
01 0
10 0
11 1

# 22 IgE 
.n 22 3 6 28 30
000 0
001 0
010 0
011 0
100 0
101 1
110 1
111 1

# 23 IgG 
.n 23 1 6
0 0
1 1

# 24 IgG_Bacterium 
.n 24 2 5 24
00 0
01 1
10 1
11 1

# 25 IL10I 
.n 25 2 26 47
00 0
01 1
10 1
11 1

# 26 IL10I_Bacterium 
.n 26 4 32 51 46 50
0000 0
0001 1
0010 0
0011 1
0100 0
0101 1
0110 1
0111 1
1000 1
1001 1
1010 1
1011 1
1100 1
1101 1
1110 1
1111 1

# 27 IL12II 
.n 27 4 8 9 30 38
0000 0
0001 0
0010 0
0011 0
0100 0
0101 1
0110 0
0111 0
1000 0
1001 1
1010 0
1011 0
1100 0
1101 1
1110 0
1111 0

# 28 IL13 
.n 28 5 15 16 53 46 47
00000 0
00001 1
00010 1
00011 1
00100 0
00101 1
00110 1
00111 1
01000 1
01001 1
01010 1
01011 1
01100 1
01101 1
01110 1
01111 1
10000 0
10001 1
10010 1
10011 1
10100 1
10101 1
10110 1
10111 1
11000 1
11001 1
11010 1
11011 1
11100 1
11101 1
11110 1
11111 1

# 29 IL4I 
.n 29 1 30
0 0
1 1

# 30 IL4II 
.n 30 8 8 9 16 17 27 38 44 45
00000000 0
00000001 1
00000010 1
00000011 1
00000100 0
00000101 1
00000110 1
00000111 1
00001000 0
00001001 0
00001010 0
00001011 0
00001100 0
00001101 0
00001110 0
00001111 0
00010000 0
00010001 0
00010010 0
00010011 0
00010100 0
00010101 0
00010110 0
00010111 0
00011000 0
00011001 0
00011010 0
00011011 0
00011100 0
00011101 0
00011110 0
00011111 0
00100000 1
00100001 1
00100010 1
00100011 1
00100100 1
00100101 1
00100110 1
00100111 1
00101000 1
00101001 1
00101010 1
00101011 1
00101100 1
00101101 1
00101110 1
00101111 1
00110000 1
00110001 1
00110010 1
00110011 1
00110100 1
00110101 1
00110110 1
00110111 1
00111000 1
00111001 1
00111010 1
00111011 1
00111100 1
00111101 1
00111110 1
00111111 1
01000000 0
01000001 1
01000010 1
01000011 1
01000100 1
01000101 1
01000110 1
01000111 1
01001000 0
01001001 0
01001010 0
01001011 0
01001100 0
01001101 0
01001110 0
01001111 0
01010000 0
01010001 0
01010010 0
01010011 0
01010100 0
01010101 0
01010110 0
01010111 0
01011000 0
01011001 0
01011010 0
01011011 0
01011100 0
01011101 0
01011110 0
01011111 0
01100000 1
01100001 1
01100010 1
01100011 1
01100100 1
01100101 1
01100110 1
01100111 1
01101000 1
01101001 1
01101010 1
01101011 1
01101100 1
01101101 1
01101110 1
01101111 1
01110000 1
01110001 1
01110010 1
01110011 1
01110100 1
01110101 1
01110110 1
01110111 1
01111000 1
01111001 1
01111010 1
01111011 1
01111100 1
01111101 1
01111110 1
01111111 1
10000000 0
10000001 1
10000010 1
10000011 1
10000100 1
10000101 1
10000110 1
10000111 1
10001000 0
10001001 0
10001010 0
10001011 0
10001100 0
10001101 0
10001110 0
10001111 0
10010000 0
10010001 0
10010010 0
10010011 0
10010100 0
10010101 0
10010110 0
10010111 0
10011000 0
10011001 0
10011010 0
10011011 0
10011100 0
10011101 0
10011110 0
10011111 0
10100000 1
10100001 1
10100010 1
10100011 1
10100100 1
10100101 1
10100110 1
10100111 1
10101000 1
10101001 1
10101010 1
10101011 1
10101100 1
10101101 1
10101110 1
10101111 1
10110000 1
10110001 1
10110010 1
10110011 1
10110100 1
10110101 1
10110110 1
10110111 1
10111000 1
10111001 1
10111010 1
10111011 1
10111100 1
10111101 1
10111110 1
10111111 1
11000000 0
11000001 1
11000010 1
11000011 1
11000100 1
11000101 1
11000110 1
11000111 1
11001000 0
11001001 0
11001010 0
11001011 0
11001100 0
11001101 0
11001110 0
11001111 0
11010000 0
11010001 0
11010010 0
11010011 0
11010100 0
11010101 0
11010110 0
11010111 0
11011000 0
11011001 0
11011010 0
11011011 0
11011100 0
11011101 0
11011110 0
11011111 0
11100000 1
11100001 1
11100010 1
11100011 1
11100100 1
11100101 1
11100110 1
11100111 1
11101000 1
11101001 1
11101010 1
11101011 1
11101100 1
11101101 1
11101110 1
11101111 1
11110000 1
11110001 1
11110010 1
11110011 1
11110100 1
11110101 1
11110110 1
11110111 1
11111000 1
11111001 1
11111010 1
11111011 1
11111100 1
11111101 1
11111110 1
11111111 1

# 31 IL5 
.n 31 2 16 45
00 0
01 1
10 1
11 1

# 32 MPI_Bacterium 
.n 32 3 4 19 37
000 0
001 0
010 0
011 0
100 0
101 1
110 1
111 1

# 33 NE_Bacterium 
.n 33 1 37
0 0
1 1

# 34 NE_TRetortaeformis 
.n 34 5 1 17 25 29 37
00000 0
00001 0
00010 0
00011 0
00100 0
00101 0
00110 0
00111 0
01000 1
01001 1
01010 0
01011 0
01100 0
01101 0
01110 0
01111 0
10000 0
10001 1
10010 0
10011 1
10100 0
10101 1
10110 0
10111 1
11000 1
11001 1
11010 0
11011 1
11100 0
11101 1
11110 0
11111 1

# 35 Oag 
.n 35 1 4
0 0
1 1

# 36 PH 
.n 36 2 3 4
00 0
01 0
10 0
11 1

# 37 PIC 
.n 37 6 1 3 13 14 25 21
000000 0
000001 0
000010 0
000011 0
000100 1
000101 0
000110 0
000111 0
001000 1
001001 0
001010 0
001011 0
001100 1
001101 0
001110 0
001111 0
010000 1
010001 0
010010 0
010011 0
010100 1
010101 0
010110 0
010111 0
011000 1
011001 0
011010 0
011011 0
011100 1
011101 0
011110 0
011111 0
100000 1
100001 0
100010 0
100011 0
100100 1
100101 0
100110 0
100111 0
101000 1
101001 0
101010 0
101011 0
101100 1
101101 0
101110 0
101111 0
110000 1
110001 0
110010 0
110011 0
110100 1
110101 0
110110 0
110111 0
111000 1
111001 0
111010 0
111011 0
111100 1
111101 0
111110 0
111111 0

# 38 T0 
.n 38 2 8 9
00 0
01 1
10 1
11 1

# 39 TEL 
.n 39 2 15 16
00 0
01 1
10 1
11 1

# 40 Th1II_Bacterium 
.n 40 3 8 27 38
000 0
001 0
010 0
011 0
100 0
101 0
110 0
111 1

# 41 Th1II_TRetortaeformis 
.n 41 3 9 27 38
000 0
001 0
010 0
011 0
100 0
101 0
110 0
111 1

# 42 Th1I_Bacterium 
.n 42 1 40
0 0
1 1

# 43 Th1I_TRetortaeformis 
.n 43 1 41
0 0
1 1

# 44 Th2II_Bacterium 
.n 44 3 8 27 38
000 0
001 0
010 0
011 0
100 0
101 1
110 0
111 0

# 45 Th2II_TRetortaeformis 
.n 45 3 9 27 38
000 0
001 0
010 0
011 0
100 0
101 1
110 0
111 0

# 46 Th2I_Bacterium 
.n 46 1 44
0 0
1 1

# 47 Th2I_TRetortaeformis 
.n 47 1 45
0 0
1 1

# 48 TNE 
.n 48 2 33 34
00 0
01 1
10 1
11 1

# 49 TrII 
.n 49 3 8 38 52
000 0
001 0
010 0
011 0
100 0
101 0
110 0
111 1

# 50 TrI_Bacterium 
.n 50 1 49
0 0
1 1

# 51 TTSSI 
.n 51 3 4 20 24
000 0
001 0
010 0
011 0
100 1
101 0
110 0
111 0

# 52 TTSSII 
.n 52 1 51
0 0
1 1

# 53 IS 
.n 53 0

.e End of file
