.v 22

.l 1 STAT6
.l 2 IL-21R
.l 3 NF-kB
.l 4 BCR
.l 5 IL-2R
.l 6 Bach2
.l 7 STAT3
.l 8 CD40
.l 9 Pax5
.l 10 Bcl6
.l 11 ERK
.l 12 Blimp1
.l 13 STAT5
.l 14 IL-4R
.l 15 AID
.l 16 Irf4
.l 17 XBP1
.l 18 CD40L
.l 19 IL-21
.l 20 IL-2
.l 21 Ag
.l 22 IL-4

# 1 STAT6 
.n 1 1 14
1 1
0 0

# 2 IL-21R 
.n 2 1 19
1 1
0 0

# 3 NF-kB 
.n 3 1 8
1 1
0 0

# 4 BCR 
.n 4 1 21
1 1
0 0

# 5 IL-2R 
.n 5 1 20
1 1
0 0

# 6 Bach2 
.n 6 2 9 12
11 0
10 1
01 0
00 0

# 7 STAT3 
.n 7 1 2
1 1
0 0

# 8 CD40 
.n 8 1 18
1 1
0 0

# 9 Pax5 
.n 9 4 9 11 12 16
1111 0
1110 0
1101 0
1100 0
1011 0
1010 0
1001 1
1000 1
0111 0
0110 0
0101 0
0100 0
0011 0
0010 0
0001 0
0000 1

# 10 Bcl6 
.n 10 7 1 9 10 11 12 13 16
1111111 0
1111110 0
1111101 0
1111100 0
1111011 0
1111010 0
1111001 0
1111000 0
1110111 0
1110110 0
1110101 0
1110100 0
1110011 0
1110010 1
1110001 0
1110000 1
1101111 0
1101110 0
1101101 0
1101100 0
1101011 0
1101010 0
1101001 0
1101000 0
1100111 0
1100110 0
1100101 0
1100100 0
1100011 0
1100010 1
1100001 0
1100000 1
1011111 0
1011110 0
1011101 0
1011100 0
1011011 0
1011010 0
1011001 0
1011000 0
1010111 0
1010110 0
1010101 0
1010100 0
1010011 0
1010010 1
1010001 0
1010000 1
1001111 0
1001110 0
1001101 0
1001100 0
1001011 0
1001010 0
1001001 0
1001000 0
1000111 0
1000110 0
1000101 0
1000100 0
1000011 0
1000010 1
1000001 0
1000000 1
0111111 0
0111110 0
0111101 0
0111100 0
0111011 0
0111010 0
0111001 0
0111000 0
0110111 0
0110110 0
0110101 0
0110100 0
0110011 0
0110010 1
0110001 0
0110000 1
0101111 0
0101110 0
0101101 0
0101100 0
0101011 0
0101010 0
0101001 0
0101000 0
0100111 0
0100110 0
0100101 0
0100100 0
0100011 0
0100010 1
0100001 0
0100000 0
0011111 0
0011110 0
0011101 0
0011100 0
0011011 0
0011010 0
0011001 0
0011000 0
0010111 0
0010110 0
0010101 0
0010100 0
0010011 0
0010010 1
0010001 0
0010000 0
0001111 0
0001110 0
0001101 0
0001100 0
0001011 0
0001010 0
0001001 0
0001000 0
0000111 0
0000110 0
0000101 0
0000100 0
0000011 0
0000010 1
0000001 0
0000000 0

# 11 ERK 
.n 11 1 4
1 1
0 0

# 12 Blimp1 
.n 12 6 6 7 9 10 11 16
111111 0
111110 0
111101 0
111100 0
111011 0
111010 0
111001 0
111000 0
110111 0
110110 0
110101 0
110100 0
110011 0
110010 0
110001 0
110000 0
101111 0
101110 0
101101 0
101100 0
101011 0
101010 0
101001 0
101000 0
100111 0
100110 0
100101 0
100100 0
100011 0
100010 0
100001 0
100000 0
011111 0
011110 0
011101 0
011100 0
011011 0
011010 0
011001 0
011000 0
010111 0
010110 0
010101 0
010100 0
010011 1
010010 1
010001 1
010000 1
001111 0
001110 0
001101 0
001100 0
001011 0
001010 0
001001 0
001000 0
000111 0
000110 0
000101 0
000100 0
000011 1
000010 1
000001 1
000000 0

# 13 STAT5 
.n 13 1 5
1 1
0 0

# 14 IL-4R 
.n 14 1 22
1 1
0 0

# 15 AID 
.n 15 4 1 3 9 12
1111 0
1110 1
1101 0
1100 1
1011 0
1010 1
1001 0
1000 1
0111 0
0110 1
0101 0
0100 0
0011 0
0010 0
0001 0
0000 0

# 16 Irf4 
.n 16 4 3 10 12 16
1111 1
1110 1
1101 1
1100 1
1011 1
1010 1
1001 1
1000 1
0111 0
0110 0
0101 0
0100 0
0011 1
0010 1
0001 1
0000 0

# 17 XBP1 
.n 17 2 9 12
11 0
10 0
01 1
00 0

# 18 CD40L 
.n 18 0

# 19 IL-21 
.n 19 0

# 20 IL-2 
.n 20 0

# 21 Ag 
.n 21 0

# 22 IL-4 
.n 22 0

.e End of file
