.v 26

.l 1 AID
.l 2 Bach2
.l 3 Bcl6
.l 4 BCR
.l 5 Blimp1
.l 6 CD40
.l 7 ERK
.l 8 IL_21R
.l 9 IL_2R
.l 10 IL_4R
.l 11 Irf4
.l 12 NF_kB
.l 13 Pax5
.l 14 STAT3
.l 15 STAT5
.l 16 STAT6
.l 17 XBP1
.l 18 NF-kB
.l 19 Ag
.l 20 CD40L
.l 21 IL-21
.l 22 IL-21R
.l 23 IL-2
.l 24 IL-2R
.l 25 IL-4
.l 26 IL-4R

# 1 AID 
.n 1 4 5 18 13 16
0000 0
0001 1
0010 0
0011 1
0100 0
0101 1
0110 1
0111 1
1000 0
1001 0
1010 0
1011 0
1100 0
1101 0
1110 0
1111 0

# 2 Bach2 
.n 2 2 5 13
00 0
01 1
10 0
11 0

# 3 Bcl6 
.n 3 7 3 5 7 11 13 15 16
0000000 0
0000001 1
0000010 1
0000011 1
0000100 0
0000101 1
0000110 1
0000111 1
0001000 0
0001001 0
0001010 0
0001011 0
0001100 0
0001101 0
0001110 0
0001111 0
0010000 0
0010001 0
0010010 0
0010011 0
0010100 0
0010101 0
0010110 0
0010111 0
0011000 0
0011001 0
0011010 0
0011011 0
0011100 0
0011101 0
0011110 0
0011111 0
0100000 0
0100001 0
0100010 0
0100011 0
0100100 0
0100101 0
0100110 0
0100111 0
0101000 0
0101001 0
0101010 0
0101011 0
0101100 0
0101101 0
0101110 0
0101111 0
0110000 0
0110001 0
0110010 0
0110011 0
0110100 0
0110101 0
0110110 0
0110111 0
0111000 0
0111001 0
0111010 0
0111011 0
0111100 0
0111101 0
0111110 0
0111111 0
1000000 0
1000001 1
1000010 1
1000011 1
1000100 1
1000101 1
1000110 1
1000111 1
1001000 0
1001001 0
1001010 0
1001011 0
1001100 0
1001101 0
1001110 0
1001111 0
1010000 0
1010001 0
1010010 0
1010011 0
1010100 0
1010101 0
1010110 0
1010111 0
1011000 0
1011001 0
1011010 0
1011011 0
1011100 0
1011101 0
1011110 0
1011111 0
1100000 0
1100001 0
1100010 0
1100011 0
1100100 0
1100101 0
1100110 0
1100111 0
1101000 0
1101001 0
1101010 0
1101011 0
1101100 0
1101101 0
1101110 0
1101111 0
1110000 0
1110001 0
1110010 0
1110011 0
1110100 0
1110101 0
1110110 0
1110111 0
1111000 0
1111001 0
1111010 0
1111011 0
1111100 0
1111101 0
1111110 0
1111111 0

# 4 BCR 
.n 4 1 19
0 0
1 1

# 5 Blimp1 
.n 5 6 2 3 7 11 13 14
000000 0
000001 1
000010 0
000011 0
000100 1
000101 1
000110 0
000111 0
001000 1
001001 1
001010 0
001011 0
001100 1
001101 1
001110 0
001111 0
010000 0
010001 0
010010 0
010011 0
010100 0
010101 0
010110 0
010111 0
011000 0
011001 0
011010 0
011011 0
011100 0
011101 0
011110 0
011111 0
100000 0
100001 0
100010 0
100011 0
100100 0
100101 0
100110 0
100111 0
101000 0
101001 0
101010 0
101011 0
101100 0
101101 0
101110 0
101111 0
110000 0
110001 0
110010 0
110011 0
110100 0
110101 0
110110 0
110111 0
111000 0
111001 0
111010 0
111011 0
111100 0
111101 0
111110 0
111111 0

# 6 CD40 
.n 6 1 20
0 0
1 1

# 7 ERK 
.n 7 1 4
0 0
1 1

# 22 IL-21R 
.n 22 1 21
0 0
1 1

# 24 IL-2R 
.n 24 1 23
0 0
1 1

# 26 IL-4R 
.n 26 1 25
0 0
1 1

# 11 Irf4 
.n 11 4 3 5 11 18
0000 0
0001 1
0010 1
0011 1
0100 1
0101 1
0110 1
0111 1
1000 0
1001 1
1010 0
1011 1
1100 0
1101 1
1110 0
1111 1

# 18 NF-kB 
.n 18 1 6
0 0
1 1

# 13 Pax5 
.n 13 4 5 7 11 13
0000 1
0001 1
0010 0
0011 1
0100 0
0101 0
0110 0
0111 0
1000 0
1001 0
1010 0
1011 0
1100 0
1101 0
1110 0
1111 0

# 14 STAT3 
.n 14 1 22
0 0
1 1

# 15 STAT5 
.n 15 1 24
0 0
1 1

# 16 STAT6 
.n 16 1 26
0 0
1 1

# 17 XBP1 
.n 17 2 5 13
00 0
01 0
10 1
11 0

# 18 NF-kB 
.n 18 0

# 19 Ag 
.n 19 0

# 20 CD40L 
.n 20 0

# 21 IL-21 
.n 21 0

# 22 IL-21R 
.n 22 0

# 23 IL-2 
.n 23 0

# 24 IL-2R 
.n 24 0

# 25 IL-4 
.n 25 0

# 26 IL-4R 
.n 26 0

.e End of file
