.v 33

.l 1 IFNgI
.l 2 IgA
.l 3 IL10II
.l 4 IgG
.l 5 T0
.l 6 IL4I
.l 7 TTSSII
.l 8 Th1II
.l 9 IL10I
.l 10 AP
.l 11 EC
.l 12 Th2I
.l 13 Bb
.l 14 PIC
.l 15 TrII
.l 16 MPI
.l 17 C
.l 18 Th2II
.l 19 TrI
.l 20 Oag
.l 21 IL12II
.l 22 AgAb
.l 23 DCI
.l 24 DCII
.l 25 IFNgII
.l 26 TTSSI
.l 27 BC
.l 28 NE
.l 29 IL4II
.l 30 PH
.l 31 IL12I
.l 32 DP
.l 33 Th1I

# 1 IFNgI 
.n 1 5 6 9 16 23 33
11111 0
11110 0
11101 0
11100 0
11011 0
11010 0
11001 0
11000 0
10111 0
10110 0
10101 0
10100 0
10011 0
10010 0
10001 0
10000 0
01111 1
01110 1
01101 1
01100 1
01011 1
01010 1
01001 0
01000 0
00111 1
00110 1
00101 1
00100 1
00011 1
00010 1
00001 1
00000 0

# 2 IgA 
.n 2 3 2 13 27
111 1
110 1
101 0
100 0
011 1
010 0
001 0
000 0

# 3 IL10II 
.n 3 1 9
1 1
0 0

# 4 IgG 
.n 4 2 4 27
11 1
10 1
01 1
00 0

# 5 T0 
.n 5 1 24
1 1
0 0

# 6 IL4I 
.n 6 1 29
1 1
0 0

# 7 TTSSII 
.n 7 1 26
1 1
0 0

# 8 Th1II 
.n 8 3 5 21 24
111 1
110 0
101 0
100 0
011 0
010 0
001 0
000 0

# 9 IL10I 
.n 9 4 12 16 19 26
1111 1
1110 1
1101 1
1100 1
1011 1
1010 1
1001 1
1000 0
0111 1
0110 1
0101 1
0100 1
0011 1
0010 1
0001 0
0000 0

# 10 AP 
.n 10 6 4 13 16 17 22 33
111111 1
111110 0
111101 1
111100 0
111011 1
111010 0
111001 0
111000 0
110111 0
110110 0
110101 0
110100 0
110011 0
110010 0
110001 0
110000 0
101111 0
101110 0
101101 0
101100 0
101011 0
101010 0
101001 0
101000 0
100111 0
100110 0
100101 0
100100 0
100011 0
100010 0
100001 0
100000 0
011111 1
011110 0
011101 0
011100 0
011011 1
011010 0
011001 0
011000 0
010111 0
010110 0
010101 0
010100 0
010011 0
010010 0
010001 0
010000 0
001111 0
001110 0
001101 0
001100 0
001011 0
001010 0
001001 0
001000 0
000111 0
000110 0
000101 0
000100 0
000011 0
000010 0
000001 0
000000 0

# 11 EC 
.n 11 1 13
1 1
0 0

# 12 Th2I 
.n 12 1 18
1 1
0 0

# 13 Bb 
.n 13 2 13 30
11 0
10 1
01 0
00 0

# 14 PIC 
.n 14 4 9 10 11 32
1111 0
1110 0
1101 0
1100 0
1011 0
1010 0
1001 0
1000 0
0111 1
0110 1
0101 1
0100 1
0011 1
0010 1
0001 1
0000 0

# 15 TrII 
.n 15 2 5 24
11 1
10 0
01 0
00 0

# 16 MPI 
.n 16 3 1 13 14
111 1
110 1
101 0
100 0
011 1
010 0
001 0
000 0

# 17 C 
.n 17 4 4 13 20 22
1111 1
1110 0
1101 1
1100 1
1011 1
1010 0
1001 1
1000 0
0111 0
0110 0
0101 1
0100 1
0011 0
0010 0
0001 0
0000 0

# 18 Th2II 
.n 18 3 5 21 24
111 0
110 0
101 1
100 0
011 0
010 0
001 0
000 0

# 19 TrI 
.n 19 1 15
1 1
0 0

# 20 Oag 
.n 20 1 13
1 1
0 0

# 21 IL12II 
.n 21 3 5 24 29
111 0
110 1
101 0
100 0
011 0
010 0
001 0
000 0

# 22 AgAb 
.n 22 3 2 4 13
111 1
110 0
101 1
100 0
011 1
010 0
001 0
000 0

# 23 DCI 
.n 23 3 1 13 14
111 1
110 1
101 0
100 0
011 1
010 0
001 0
000 0

# 24 DCII 
.n 24 1 23
1 1
0 0

# 25 IFNgII 
.n 25 1 1
1 1
0 0

# 26 TTSSI 
.n 26 3 2 4 13
111 0
110 0
101 0
100 0
011 0
010 0
001 1
000 0

# 27 BC 
.n 27 2 5 27
11 1
10 1
01 1
00 0

# 28 NE 
.n 28 1 14
1 1
0 0

# 29 IL4II 
.n 29 5 5 18 21 24 25
11111 0
11110 0
11101 0
11100 0
11011 0
11010 1
11001 0
11000 1
10111 0
10110 0
10101 0
10100 0
10011 0
10010 1
10001 0
10000 0
01111 0
01110 0
01101 0
01100 0
01011 0
01010 1
01001 0
01000 1
00111 0
00110 0
00101 0
00100 0
00011 0
00010 0
00001 0
00000 0

# 30 PH 
.n 30 2 10 13
11 1
10 0
01 0
00 0

# 31 IL12I 
.n 31 3 5 24 29
111 0
110 1
101 0
100 0
011 0
010 0
001 0
000 0

# 32 DP 
.n 32 2 26 28
11 1
10 0
01 0
00 0

# 33 Th1I 
.n 33 1 8
1 1
0 0

.e End of file
