.v 33

.l 1 AgAb
.l 2 AP
.l 3 Bb
.l 4 BC
.l 5 C
.l 6 DCI
.l 7 DCII
.l 8 DP
.l 9 EC
.l 10 IFNgI
.l 11 IFNgII
.l 12 IgA
.l 13 IgG
.l 14 IL10I
.l 15 IL10II
.l 16 IL12I
.l 17 IL12II
.l 18 IL4I
.l 19 IL4II
.l 20 MPI
.l 21 NE
.l 22 Oag
.l 23 PH
.l 24 PIC
.l 25 T0
.l 26 Th1I
.l 27 Th1II
.l 28 Th2I
.l 29 Th2II
.l 30 TrI
.l 31 TrII
.l 32 TTSSI
.l 33 TTSSII

# 1 AgAb 
.n 1 3 3 12 13
000 0
001 0
010 0
011 0
100 0
101 1
110 1
111 1

# 2 AP 
.n 2 6 1 3 5 13 20 26
000000 0
000001 0
000010 0
000011 0
000100 0
000101 0
000110 0
000111 0
001000 0
001001 0
001010 0
001011 0
001100 0
001101 0
001110 0
001111 0
010000 0
010001 0
010010 0
010011 0
010100 0
010101 0
010110 0
010111 0
011000 0
011001 0
011010 0
011011 0
011100 0
011101 0
011110 0
011111 1
100000 0
100001 0
100010 0
100011 0
100100 0
100101 0
100110 0
100111 0
101000 0
101001 0
101010 0
101011 0
101100 0
101101 0
101110 0
101111 0
110000 0
110001 0
110010 0
110011 1
110100 0
110101 0
110110 0
110111 1
111000 0
111001 0
111010 0
111011 1
111100 0
111101 0
111110 0
111111 1

# 3 Bb 
.n 3 2 3 23
00 0
01 0
10 1
11 0

# 4 BC 
.n 4 2 4 25
00 0
01 1
10 1
11 1

# 5 C 
.n 5 4 1 3 13 22
0000 0
0001 0
0010 0
0011 0
0100 1
0101 0
0110 1
0111 0
1000 0
1001 0
1010 1
1011 1
1100 1
1101 0
1110 1
1111 1

# 6 DCI 
.n 6 3 3 10 24
000 0
001 0
010 0
011 0
100 0
101 1
110 1
111 1

# 7 DCII 
.n 7 1 6
0 0
1 1

# 8 DP 
.n 8 2 21 32
00 0
01 0
10 0
11 1

# 9 EC 
.n 9 1 3
0 0
1 1

# 10 IFNgI 
.n 10 5 6 14 18 20 26
00000 0
00001 1
00010 1
00011 1
00100 0
00101 0
00110 0
00111 0
01000 0
01001 0
01010 1
01011 1
01100 0
01101 0
01110 0
01111 0
10000 1
10001 1
10010 1
10011 1
10100 0
10101 0
10110 0
10111 0
11000 1
11001 1
11010 1
11011 1
11100 0
11101 0
11110 0
11111 0

# 11 IFNgII 
.n 11 1 10
0 0
1 1

# 12 IgA 
.n 12 3 4 3 12
000 0
001 0
010 0
011 1
100 0
101 0
110 1
111 1

# 13 IgG 
.n 13 2 4 13
00 0
01 1
10 1
11 1

# 14 IL10I 
.n 14 4 20 32 28 30
0000 0
0001 1
0010 0
0011 1
0100 0
0101 1
0110 1
0111 1
1000 1
1001 1
1010 1
1011 1
1100 1
1101 1
1110 1
1111 1

# 15 IL10II 
.n 15 1 14
0 0
1 1

# 16 IL12I 
.n 16 3 7 19 25
000 0
001 0
010 0
011 0
100 0
101 1
110 0
111 0

# 17 IL12II 
.n 17 3 7 19 25
000 0
001 0
010 0
011 0
100 0
101 1
110 0
111 0

# 18 IL4I 
.n 18 1 19
0 0
1 1

# 19 IL4II 
.n 19 5 7 11 17 25 29
00000 0
00001 1
00010 0
00011 1
00100 0
00101 0
00110 0
00111 0
01000 0
01001 0
01010 0
01011 0
01100 0
01101 0
01110 0
01111 0
10000 0
10001 1
10010 1
10011 1
10100 0
10101 0
10110 0
10111 0
11000 0
11001 0
11010 0
11011 0
11100 0
11101 0
11110 0
11111 0

# 20 MPI 
.n 20 3 3 10 24
000 0
001 0
010 0
011 0
100 0
101 1
110 1
111 1

# 21 NE 
.n 21 1 24
0 0
1 1

# 22 Oag 
.n 22 1 3
0 0
1 1

# 23 PH 
.n 23 2 2 3
00 0
01 0
10 0
11 1

# 24 PIC 
.n 24 4 2 8 9 14
0000 0
0001 0
0010 1
0011 0
0100 1
0101 0
0110 1
0111 0
1000 1
1001 0
1010 1
1011 0
1100 1
1101 0
1110 1
1111 0

# 25 T0 
.n 25 1 7
0 0
1 1

# 26 Th1I 
.n 26 1 27
0 0
1 1

# 27 Th1II 
.n 27 3 7 17 25
000 0
001 0
010 0
011 0
100 0
101 0
110 0
111 1

# 28 Th2I 
.n 28 1 29
0 0
1 1

# 29 Th2II 
.n 29 3 7 17 25
000 0
001 0
010 0
011 0
100 0
101 1
110 0
111 0

# 30 TrI 
.n 30 1 31
0 0
1 1

# 31 TrII 
.n 31 2 7 25
00 0
01 0
10 0
11 1

# 32 TTSSI 
.n 32 3 3 12 13
000 0
001 0
010 0
011 0
100 1
101 0
110 0
111 0

# 33 TTSSII 
.n 33 1 32
0 0
1 1

.e End of file
