.v 67

.l 1 BID
.l 2 p21
.l 3 XIAP
.l 4 Cl_PARP
.l 5 JNK
.l 6 Cas3
.l 7 JAK1
.l 8 RIP
.l 9 BCL2
.l 10 PIP3
.l 11 CIAP
.l 12 MEKK2
.l 13 MDM
.l 14 MYC
.l 15 DNAdam
.l 16 p53
.l 17 Cas8
.l 18 TRAF3
.l 19 Smac
.l 20 MAPK
.l 21 Bclxl
.l 22 FasL
.l 23 CYCD
.l 24 ATM
.l 25 DNAPK
.l 26 pNFKB
.l 27 CDK6
.l 28 NIK
.l 29 PTEN
.l 30 Fas
.l 31 STAT3
.l 32 GROWTH
.l 33 MEK1
.l 34 RAF
.l 35 Cas9
.l 36 Prot
.l 37 pIKB
.l 38 Apo
.l 39 Cytc
.l 40 CDK2
.l 41 gp130
.l 42 BAD
.l 43 MEKK
.l 44 IKK
.l 45 CYCE
.l 46 JAK2
.l 47 FLIP
.l 48 CDK4
.l 49 RAS
.l 50 RAC
.l 51 BAX
.l 52 IL6
.l 53 pRB
.l 54 AKT
.l 55 p27
.l 56 MKK4
.l 57 STRESS
.l 58 PI3K
.l 59 cJun
.l 60 ERK
.l 61 MITO
.l 62 pSTAT3
.l 63 Bort
.l 64 X
.l 65 TNFAR
.l 66 TNFA
.l 67 SHP1

# 1 BID 
.n 1 5 9 17 21 30 57
11111 0
11110 0
11101 0
11100 0
11011 0
11010 0
11001 0
11000 0
10111 0
10110 0
10101 0
10100 0
10011 0
10010 0
10001 0
10000 0
01111 0
01110 0
01101 0
01100 0
01011 1
01010 1
01001 1
01000 1
00111 0
00110 0
00101 0
00100 0
00011 1
00010 1
00001 1
00000 0

# 2 p21 
.n 2 5 13 14 16 48 54
11111 0
11110 0
11101 0
11100 0
11011 0
11010 0
11001 0
11000 0
10111 0
10110 0
10101 0
10100 0
10011 0
10010 0
10001 0
10000 0
01111 0
01110 0
01101 0
01100 0
01011 0
01010 0
01001 0
01000 0
00111 0
00110 0
00101 0
00100 1
00011 0
00010 0
00001 0
00000 0

# 3 XIAP 
.n 3 4 16 19 26 62
1111 0
1110 0
1101 0
1100 0
1011 0
1010 0
1001 0
1000 0
0111 0
0110 0
0101 0
0100 0
0011 1
0010 1
0001 1
0000 0

# 4 Cl_PARP 
.n 4 1 6
1 1
0 0

# 5 JNK 
.n 5 2 36 56
11 0
10 0
01 1
00 0

# 6 Cas3 
.n 6 3 3 17 35
111 0
110 0
101 0
100 0
011 1
010 1
001 1
000 0

# 7 JAK1 
.n 7 2 41 52
11 1
10 0
01 0
00 0

# 8 RIP 
.n 8 3 63 65 66
111 1
110 1
101 1
100 1
011 1
010 0
001 0
000 0

# 9 BCL2 
.n 9 4 16 26 42 62
1111 0
1110 0
1101 0
1100 0
1011 0
1010 0
1001 0
1000 0
0111 0
0110 0
0101 1
0100 1
0011 0
0010 0
0001 1
0000 0

# 10 PIP3 
.n 10 2 10 29
11 0
10 1
01 0
00 0

# 11 CIAP 
.n 11 1 65
1 1
0 0

# 12 MEKK2 
.n 12 1 50
1 1
0 0

# 13 MDM 
.n 13 3 16 24 54
111 0
110 0
101 1
100 1
011 0
010 0
001 1
000 0

# 14 MYC 
.n 14 3 43 60 62
111 1
110 1
101 1
100 1
011 1
010 1
001 1
000 0

# 15 DNAdam 
.n 15 2 6 57
11 1
10 1
01 1
00 0

# 16 p53 
.n 16 4 5 13 25 36
1111 0
1110 1
1101 0
1100 1
1011 1
1010 1
1001 1
1000 1
0111 0
0110 1
0101 0
0100 0
0011 1
0010 1
0001 0
0000 0

# 17 Cas8 
.n 17 3 22 30 47
111 0
110 1
101 0
100 0
011 0
010 0
001 0
000 0

# 18 TRAF3 
.n 18 1 11
1 0
0 1

# 19 Smac 
.n 19 1 61
1 1
0 0

# 20 MAPK 
.n 20 1 33
1 1
0 0

# 21 Bclxl 
.n 21 5 16 26 42 51 62
11111 0
11110 0
11101 0
11100 0
11011 0
11010 0
11001 0
11000 0
10111 0
10110 0
10101 0
10100 0
10011 0
10010 0
10001 0
10000 0
01111 0
01110 0
01101 0
01100 0
01011 0
01010 0
01001 1
01000 1
00111 0
00110 0
00101 0
00100 0
00011 0
00010 0
00001 1
00000 0

# 22 FasL 
.n 22 2 30 59
11 1
10 1
01 1
00 0

# 23 CYCD 
.n 23 3 14 54 60
111 1
110 1
101 1
100 1
011 1
010 1
001 1
000 0

# 24 ATM 
.n 24 2 6 15
11 1
10 1
01 1
00 0

# 25 DNAPK 
.n 25 1 24
1 1
0 0

# 26 pNFKB 
.n 26 4 36 37 62 64
1111 1
1110 1
1101 1
1100 1
1011 1
1010 1
1001 1
1000 0
0111 1
0110 1
0101 1
0100 1
0011 1
0010 1
0001 1
0000 0

# 27 CDK6 
.n 27 1 23
1 1
0 0

# 28 NIK 
.n 28 1 18
1 0
0 1

# 29 PTEN 
.n 29 1 16
1 1
0 0

# 30 Fas 
.n 30 2 16 22
11 1
10 1
01 1
00 0

# 31 STAT3 
.n 31 1 6
1 0
0 1

# 32 GROWTH 
.n 32 1 53
1 1
0 0

# 33 MEK1 
.n 33 1 34
1 1
0 0

# 34 RAF 
.n 34 1 49
1 1
0 0

# 35 Cas9 
.n 35 3 3 39 54
111 0
110 0
101 0
100 0
011 0
010 1
001 0
000 0

# 36 Prot 
.n 36 1 63
1 0
0 1

# 37 pIKB 
.n 37 1 44
1 1
0 0

# 38 Apo 
.n 38 1 4
1 1
0 0

# 39 Cytc 
.n 39 1 61
1 1
0 0

# 40 CDK2 
.n 40 2 2 45
11 0
10 0
01 1
00 0

# 41 gp130 
.n 41 1 6
1 0
0 1

# 42 BAD 
.n 42 1 54
1 0
0 1

# 43 MEKK 
.n 43 1 33
1 1
0 0

# 44 IKK 
.n 44 3 8 28 54
111 1
110 1
101 1
100 0
011 1
010 0
001 1
000 0

# 45 CYCE 
.n 45 1 14
1 1
0 0

# 46 JAK2 
.n 46 3 41 52 67
111 0
110 1
101 0
100 0
011 0
010 0
001 0
000 0

# 47 FLIP 
.n 47 1 26
1 1
0 0

# 48 CDK4 
.n 48 3 2 23 55
111 0
110 0
101 0
100 0
011 0
010 1
001 0
000 0

# 49 RAS 
.n 49 3 41 52 67
111 1
110 1
101 1
100 0
011 1
010 0
001 1
000 0

# 50 RAC 
.n 50 1 57
1 1
0 0

# 51 BAX 
.n 51 4 1 9 16 21
1111 0
1110 0
1101 0
1100 0
1011 0
1010 1
1001 0
1000 1
0111 0
0110 0
0101 0
0100 0
0011 0
0010 1
0001 0
0000 0

# 52 IL6 
.n 52 1 26
1 1
0 0

# 53 pRB 
.n 53 3 27 40 48
111 1
110 0
101 1
100 0
011 0
010 0
001 0
000 0

# 54 AKT 
.n 54 1 10
1 1
0 0

# 55 p27 
.n 55 4 14 16 48 54
1111 0
1110 0
1101 0
1100 0
1011 0
1010 0
1001 0
1000 0
0111 0
0110 0
0101 0
0100 1
0011 0
0010 0
0001 0
0000 0

# 56 MKK4 
.n 56 1 12
1 1
0 0

# 57 STRESS 
.n 57 2 15 36
11 1
10 1
01 0
00 1

# 58 PI3K 
.n 58 2 41 52
11 1
10 0
01 0
00 0

# 59 cJun 
.n 59 1 5
1 1
0 0

# 60 ERK 
.n 60 1 20
1 1
0 0

# 61 MITO 
.n 61 1 51
1 1
0 0

# 62 pSTAT3 
.n 62 5 5 7 31 44 46
11111 1
11110 0
11101 1
11100 0
11011 0
11010 0
11001 0
11000 0
10111 0
10110 0
10101 0
10100 0
10011 0
10010 0
10001 0
10000 0
01111 1
01110 0
01101 1
01100 0
01011 0
01010 0
01001 0
01000 0
00111 0
00110 0
00101 0
00100 0
00011 0
00010 0
00001 0
00000 0

# 63 Bort 
.n 63 0

# 64 X 
.n 64 0

# 65 TNFAR 
.n 65 0

# 66 TNFA 
.n 66 0

# 67 SHP1 
.n 67 0

.e End of file
