.v 16

.l 1 PKCa
.l 2 MEK1_2
.l 3 p70S6K
.l 4 mTOR
.l 5 ERK1_2
.l 6 PDK1
.l 7 AKT
.l 8 ERBB3
.l 9 ERBB1
.l 10 ERBB2
.l 11 PLCg
.l 12 trastuzumab
.l 13 pertuzumab
.l 14 erlotinib
.l 15 HRG
.l 16 EGF

# 1 PKCa 
.n 1 2 1 11
11 1
10 1
01 1
00 0

# 2 MEK1_2 
.n 2 4 2 8 9 10
1111 1
1110 1
1101 1
1100 1
1011 1
1010 1
1001 1
1000 1
0111 1
0110 1
0101 1
0100 1
0011 1
0010 1
0001 1
0000 0

# 3 p70S6K 
.n 3 4 3 4 5 7
1111 1
1110 1
1101 1
1100 1
1011 1
1010 1
1001 1
1000 1
0111 1
0110 1
0101 1
0100 1
0011 1
0010 1
0001 1
0000 0

# 4 mTOR 
.n 4 3 4 7 13
111 1
110 1
101 1
100 1
011 1
010 1
001 1
000 0

# 5 ERK1_2 
.n 5 4 2 5 13 16
1111 1
1110 1
1101 1
1100 1
1011 1
1010 1
1001 1
1000 1
0111 1
0110 1
0101 1
0100 1
0011 1
0010 1
0001 1
0000 0

# 6 PDK1 
.n 6 5 2 6 8 9 10
11111 1
11110 1
11101 1
11100 1
11011 1
11010 1
11001 1
11000 1
10111 1
10110 1
10101 1
10100 1
10011 1
10010 1
10001 1
10000 1
01111 1
01110 1
01101 1
01100 1
01011 1
01010 1
01001 1
01000 1
00111 1
00110 1
00101 1
00100 1
00011 1
00010 1
00001 1
00000 0

# 7 AKT 
.n 7 4 4 6 7 8
1111 1
1110 1
1101 1
1100 1
1011 1
1010 1
1001 1
1000 1
0111 1
0110 1
0101 1
0100 1
0011 1
0010 1
0001 1
0000 0

# 8 ERBB3 
.n 8 4 8 13 14 15
1111 0
1110 0
1101 0
1100 0
1011 0
1010 0
1001 1
1000 1
0111 0
0110 0
0101 0
0100 0
0011 0
0010 0
0001 1
0000 0

# 9 ERBB1 
.n 9 5 9 11 13 14 16
11111 0
11110 0
11101 0
11100 0
11011 0
11010 0
11001 1
11000 1
10111 0
10110 0
10101 0
10100 0
10011 0
10010 0
10001 1
10000 1
01111 0
01110 0
01101 0
01100 0
01011 0
01010 0
01001 1
01000 1
00111 0
00110 0
00101 0
00100 0
00011 0
00010 0
00001 1
00000 0

# 10 ERBB2 
.n 10 6 8 10 12 13 14 16
111111 0
111110 0
111101 0
111100 0
111011 0
111010 0
111001 0
111000 0
110111 0
110110 0
110101 0
110100 0
110011 0
110010 0
110001 1
110000 1
101111 0
101110 0
101101 0
101100 0
101011 0
101010 0
101001 0
101000 0
100111 0
100110 0
100101 0
100100 0
100011 0
100010 0
100001 1
100000 1
011111 0
011110 0
011101 0
011100 0
011011 0
011010 0
011001 0
011000 0
010111 0
010110 0
010101 0
010100 0
010011 0
010010 0
010001 1
010000 1
001111 0
001110 0
001101 0
001100 0
001011 0
001010 0
001001 0
001000 0
000111 0
000110 0
000101 0
000100 0
000011 0
000010 0
000001 1
000000 0

# 11 PLCg 
.n 11 5 8 9 10 11 16
11111 1
11110 1
11101 1
11100 1
11011 1
11010 1
11001 1
11000 1
10111 1
10110 1
10101 1
10100 1
10011 1
10010 1
10001 1
10000 1
01111 1
01110 1
01101 1
01100 1
01011 1
01010 1
01001 1
01000 1
00111 1
00110 1
00101 1
00100 1
00011 1
00010 1
00001 1
00000 0

# 12 trastuzumab 
.n 12 0

# 13 pertuzumab 
.n 13 0

# 14 erlotinib 
.n 14 0

# 15 HRG 
.n 15 0

# 16 EGF 
.n 16 0

.e End of file
