.v 25

.l 1 p53
.l 2 ERK1_2
.l 3 cJUN
.l 4 ERBB3
.l 5 TSC2
.l 6 p70S6K
.l 7 AKT
.l 8 Nfkb
.l 9 CyclinD1
.l 10 RB
.l 11 p38
.l 12 ERBB2
.l 13 PTEN
.l 14 BAX
.l 15 GSK3a_b
.l 16 PRAS
.l 17 ERBB1
.l 18 cRAF
.l 19 FoxO1_3a
.l 20 RPS6
.l 21 CyclinB1
.l 22 trastuzumab
.l 23 erlotinib
.l 24 pertuzumab
.l 25 stimulus

# 1 p53 
.n 1 6 1 10 11 13 21 25
111111 1
111110 1
111101 1
111100 1
111011 1
111010 1
111001 1
111000 1
110111 1
110110 1
110101 1
110100 1
110011 1
110010 1
110001 1
110000 1
101111 1
101110 1
101101 1
101100 1
101011 1
101010 1
101001 1
101000 1
100111 1
100110 1
100101 1
100100 1
100011 1
100010 1
100001 1
100000 1
011111 1
011110 1
011101 1
011100 1
011011 1
011010 1
011001 1
011000 1
010111 1
010110 1
010101 1
010100 1
010011 1
010010 1
010001 1
010000 1
001111 1
001110 1
001101 1
001100 1
001011 1
001010 1
001001 1
001000 1
000111 1
000110 1
000101 1
000100 1
000011 1
000010 1
000001 1
000000 0

# 2 ERK1_2 
.n 2 2 2 18
11 1
10 1
01 1
00 0

# 3 cJUN 
.n 3 2 3 15
11 0
10 1
01 0
00 0

# 4 ERBB3 
.n 4 6 4 13 20 23 24 25
111111 0
111110 0
111101 0
111100 0
111011 0
111010 0
111001 0
111000 0
110111 0
110110 0
110101 0
110100 0
110011 0
110010 0
110001 0
110000 0
101111 0
101110 0
101101 0
101100 0
101011 0
101010 0
101001 1
101000 1
100111 0
100110 0
100101 0
100100 0
100011 0
100010 0
100001 1
100000 1
011111 0
011110 0
011101 0
011100 0
011011 0
011010 0
011001 0
011000 0
010111 0
010110 0
010101 0
010100 0
010011 0
010010 0
010001 0
010000 0
001111 0
001110 0
001101 0
001100 0
001011 0
001010 0
001001 1
001000 1
000111 0
000110 0
000101 0
000100 0
000011 0
000010 0
000001 1
000000 0

# 5 TSC2 
.n 5 4 2 5 7 15
1111 0
1110 0
1101 0
1100 0
1011 0
1010 0
1001 0
1000 0
0111 0
0110 0
0101 0
0100 1
0011 0
0010 0
0001 0
0000 0

# 6 p70S6K 
.n 6 5 2 5 6 8 16
11111 0
11110 0
11101 0
11100 0
11011 0
11010 0
11001 0
11000 0
10111 0
10110 0
10101 0
10100 1
10011 0
10010 0
10001 0
10000 1
01111 0
01110 0
01101 0
01100 0
01011 0
01010 0
01001 0
01000 0
00111 0
00110 0
00101 0
00100 1
00011 0
00010 0
00001 0
00000 0

# 7 AKT 
.n 7 5 4 7 12 13 17
11111 0
11110 0
11101 1
11100 1
11011 0
11010 0
11001 1
11000 1
10111 0
10110 0
10101 1
10100 1
10011 0
10010 0
10001 1
10000 1
01111 0
01110 0
01101 1
01100 1
01011 0
01010 0
01001 1
01000 1
00111 0
00110 0
00101 1
00100 1
00011 0
00010 0
00001 1
00000 0

# 8 Nfkb 
.n 8 1 8
1 1
0 0

# 9 CyclinD1 
.n 9 5 2 7 9 15 20
11111 0
11110 0
11101 1
11100 1
11011 0
11010 0
11001 1
11000 1
10111 0
10110 0
10101 1
10100 1
10011 0
10010 0
10001 1
10000 1
01111 0
01110 0
01101 1
01100 1
01011 0
01010 0
01001 1
01000 1
00111 0
00110 0
00101 1
00100 1
00011 0
00010 0
00001 1
00000 0

# 10 RB 
.n 10 3 8 9 10
111 0
110 0
101 1
100 1
011 0
010 0
001 1
000 0

# 11 p38 
.n 11 2 7 11
11 1
10 1
01 1
00 0

# 12 ERBB2 
.n 12 5 12 22 23 24 25
11111 0
11110 0
11101 0
11100 0
11011 0
11010 0
11001 0
11000 0
10111 0
10110 0
10101 0
10100 0
10011 0
10010 0
10001 1
10000 1
01111 0
01110 0
01101 0
01100 0
01011 0
01010 0
01001 0
01000 0
00111 0
00110 0
00101 0
00100 0
00011 0
00010 0
00001 1
00000 0

# 13 PTEN 
.n 13 2 13 15
11 0
10 1
01 0
00 0

# 14 BAX 
.n 14 1 14
1 1
0 0

# 15 GSK3a_b 
.n 15 3 1 9 15
111 1
110 1
101 1
100 1
011 1
010 1
001 1
000 0

# 16 PRAS 
.n 16 2 7 16
11 0
10 0
01 1
00 0

# 17 ERBB1 
.n 17 4 17 23 24 25
1111 0
1110 0
1101 0
1100 0
1011 0
1010 0
1001 1
1000 1
0111 0
0110 0
0101 0
0100 0
0011 0
0010 0
0001 1
0000 0

# 18 cRAF 
.n 18 4 2 12 17 18
1111 0
1110 0
1101 0
1100 0
1011 0
1010 0
1001 0
1000 0
0111 1
0110 1
0101 1
0100 1
0011 1
0010 1
0001 1
0000 0

# 19 FoxO1_3a 
.n 19 2 7 19
11 0
10 0
01 1
00 0

# 20 RPS6 
.n 20 2 6 20
11 1
10 1
01 1
00 0

# 21 CyclinB1 
.n 21 4 1 4 17 21
1111 0
1110 0
1101 0
1100 0
1011 0
1010 0
1001 0
1000 0
0111 1
0110 1
0101 1
0100 1
0011 1
0010 1
0001 1
0000 0

# 22 trastuzumab 
.n 22 0

# 23 erlotinib 
.n 23 0

# 24 pertuzumab 
.n 24 0

# 25 stimulus 
.n 25 0

.e End of file
