.v 20

.l 1 SMBF
.l 2 Sic1
.l 3 Whi5
.l 4 Clb2
.l 5 Swe1
.l 6 FEAR
.l 7 Swi5
.l 8 SFF
.l 9 Cln2
.l 10 Yhp1
.l 11 Clb5
.l 12 Cln3
.l 13 Cdc20
.l 14 Cdc14
.l 15 MEN
.l 16 Cdh1
.l 17 SpindleCP
.l 18 BuddingCP
.l 19 Size
.l 20 Start

# 1 SMBF 
.n 1 2 3 4
11 0
10 0
01 0
00 1

# 2 Sic1 
.n 2 6 2 4 7 9 11 14
111111 1
111110 0
111101 1
111100 0
111011 1
111010 0
111001 1
111000 0
110111 1
110110 0
110101 1
110100 0
110011 1
110010 0
110001 1
110000 0
101111 1
101110 0
101101 1
101100 0
101011 1
101010 0
101001 1
101000 1
100111 1
100110 0
100101 1
100100 0
100011 1
100010 0
100001 1
100000 1
011111 1
011110 0
011101 1
011100 0
011011 1
011010 0
011001 1
011000 0
010111 0
010110 0
010101 0
010100 0
010011 0
010010 0
010001 0
010000 0
001111 1
001110 0
001101 1
001100 0
001011 1
001010 0
001001 1
001000 1
000111 0
000110 0
000101 0
000100 0
000011 0
000010 0
000001 0
000000 1

# 3 Whi5 
.n 3 3 9 12 20
111 0
110 1
101 0
100 1
011 0
010 1
001 1
000 1

# 4 Clb2 
.n 4 5 2 5 8 13 16
11111 0
11110 0
11101 0
11100 0
11011 0
11010 0
11001 0
11000 0
10111 0
10110 1
10101 1
10100 1
10011 0
10010 0
10001 0
10000 0
01111 0
01110 0
01101 0
01100 0
01011 0
01010 0
01001 0
01000 0
00111 0
00110 1
00101 1
00100 1
00011 0
00010 0
00001 0
00000 1

# 5 Swe1 
.n 5 1 18
1 0
0 1

# 6 FEAR 
.n 6 1 13
1 1
0 0

# 7 Swi5 
.n 7 4 4 7 8 14
1111 0
1110 0
1101 0
1100 0
1011 0
1010 0
1001 0
1000 0
0111 0
0110 0
0101 0
0100 0
0011 1
0010 0
0001 0
0000 0

# 8 SFF 
.n 8 1 4
1 1
0 0

# 9 Cln2 
.n 9 2 1 20
11 1
10 0
01 0
00 0

# 10 Yhp1 
.n 10 1 1
1 1
0 0

# 11 Clb5 
.n 11 3 1 2 13
111 0
110 0
101 0
100 1
011 0
010 0
001 0
000 0

# 12 Cln3 
.n 12 2 10 19
11 0
10 0
01 1
00 0

# 13 Cdc20 
.n 13 3 4 8 17
111 1
110 0
101 0
100 0
011 0
010 0
001 0
000 0

# 14 Cdc14 
.n 14 2 6 15
11 1
10 0
01 0
00 0

# 15 MEN 
.n 15 2 4 6
11 1
10 0
01 0
00 0

# 16 Cdh1 
.n 16 4 4 9 11 14
1111 1
1110 0
1101 1
1100 0
1011 1
1010 0
1001 1
1000 0
0111 1
0110 0
0101 1
0100 0
0011 1
0010 0
0001 1
0000 1

# 17 SpindleCP 
.n 17 0

# 18 BuddingCP 
.n 18 0

# 19 Size 
.n 19 0

# 20 Start 
.n 20 0

.e End of file
