.v 18

.l 1 SMBF
.l 2 Cln2
.l 3 S
.l 4 Cdh1
.l 5 CD
.l 6 SFF
.l 7 Clb2
.l 8 Swi5
.l 9 Cln3
.l 10 B
.l 11 FEAR
.l 12 Clb5
.l 13 M
.l 14 Cdc20
.l 15 MEN
.l 16 CKI
.l 17 Yhp1
.l 18 Cdc14

# 1 SMBF 
.n 1 4 1 2 7 9
1111 0
1110 0
1101 1
1100 1
1011 0
1010 0
1001 1
1000 1
0111 0
0110 0
0101 1
0100 1
0011 0
0010 0
0001 1
0000 0

# 2 Cln2 
.n 2 1 1
1 1
0 0

# 3 S 
.n 3 4 3 5 7 12
1111 0
1110 0
1101 0
1100 0
1011 1
1010 1
1001 1
1000 1
0111 0
0110 0
0101 0
0100 0
0011 1
0010 1
0001 1
0000 0

# 4 Cdh1 
.n 4 4 2 7 12 18
1111 1
1110 0
1101 1
1100 0
1011 1
1010 0
1001 1
1000 0
0111 1
0110 0
0101 1
0100 0
0011 1
0010 0
0001 1
0000 1

# 5 CD 
.n 5 4 5 11 13 18
1111 0
1110 0
1101 0
1100 0
1011 0
1010 0
1001 0
1000 0
0111 1
0110 0
0101 0
0100 0
0011 0
0010 0
0001 0
0000 0

# 6 SFF 
.n 6 6 4 6 7 10 14 16
111111 1
111110 1
111101 1
111100 1
111011 1
111010 1
111001 1
111000 1
110111 0
110110 0
110101 0
110100 1
110011 0
110010 0
110001 0
110000 0
101111 0
101110 0
101101 0
101100 1
101011 0
101010 0
101001 0
101000 0
100111 0
100110 0
100101 0
100100 1
100011 0
100010 0
100001 0
100000 0
011111 1
011110 1
011101 1
011100 1
011011 1
011010 1
011001 1
011000 1
010111 0
010110 1
010101 0
010100 1
010011 0
010010 0
010001 0
010000 0
001111 0
001110 1
001101 0
001100 1
001011 0
001010 0
001001 0
001000 0
000111 0
000110 1
000101 0
000100 1
000011 0
000010 0
000001 0
000000 0

# 7 Clb2 
.n 7 6 4 6 7 10 14 16
111111 0
111110 0
111101 0
111100 1
111011 0
111010 0
111001 0
111000 1
110111 0
110110 0
110101 0
110100 1
110011 0
110010 0
110001 0
110000 0
101111 0
101110 0
101101 0
101100 1
101011 0
101010 0
101001 0
101000 0
100111 0
100110 0
100101 0
100100 1
100011 0
100010 0
100001 0
100000 0
011111 0
011110 1
011101 0
011100 1
011011 0
011010 1
011001 0
011000 1
010111 0
010110 1
010101 0
010100 1
010011 0
010010 0
010001 0
010000 0
001111 0
001110 1
001101 0
001100 1
001011 0
001010 0
001001 0
001000 0
000111 0
000110 1
000101 0
000100 1
000011 0
000010 0
000001 0
000000 0

# 8 Swi5 
.n 8 3 6 7 18
111 1
110 0
101 1
100 1
011 0
010 0
001 0
000 0

# 9 Cln3 
.n 9 1 17
1 0
0 1

# 10 B 
.n 10 4 2 5 10 12
1111 0
1110 0
1101 0
1100 0
1011 1
1010 1
1001 1
1000 1
0111 0
0110 0
0101 0
0100 0
0011 1
0010 1
0001 1
0000 0

# 11 FEAR 
.n 11 1 14
1 1
0 0

# 12 Clb5 
.n 12 3 1 14 16
111 0
110 0
101 1
100 1
011 0
010 0
001 0
000 0

# 13 M 
.n 13 4 3 5 7 13
1111 0
1110 0
1101 0
1100 0
1011 1
1010 1
1001 1
1000 0
0111 0
0110 0
0101 0
0100 0
0011 1
0010 0
0001 1
0000 0

# 14 Cdc20 
.n 14 3 6 7 13
111 1
110 0
101 0
100 0
011 0
010 0
001 0
000 0

# 15 MEN 
.n 15 2 7 11
11 1
10 0
01 0
00 0

# 16 CKI 
.n 16 6 2 7 8 12 16 18
111111 1
111110 0
111101 1
111100 0
111011 1
111010 0
111001 1
111000 0
110111 0
110110 0
110101 0
110100 0
110011 0
110010 0
110001 0
110000 0
101111 1
101110 0
101101 1
101100 0
101011 1
101010 0
101001 1
101000 0
100111 0
100110 0
100101 0
100100 0
100011 0
100010 0
100001 0
100000 0
011111 1
011110 0
011101 1
011100 0
011011 1
011010 0
011001 1
011000 0
010111 0
010110 0
010101 0
010100 0
010011 0
010010 0
010001 0
010000 0
001111 1
001110 0
001101 1
001100 0
001011 1
001010 1
001001 1
001000 1
000111 0
000110 0
000101 0
000100 0
000011 1
000010 1
000001 0
000000 0

# 17 Yhp1 
.n 17 1 1
1 1
0 0

# 18 Cdc14 
.n 18 2 11 15
11 1
10 0
01 0
00 0

.e End of file
