.v 18

.l 1 B
.l 2 CD
.l 3 Cdc14
.l 4 Cdc20
.l 5 Cdh1
.l 6 CKI
.l 7 Clb2
.l 8 Clb5
.l 9 Cln2
.l 10 Cln3
.l 11 FEAR
.l 12 M
.l 13 MEN
.l 14 S
.l 15 SFF
.l 16 SMBF
.l 17 Swi5
.l 18 Yhp1

# 1 B 
.n 1 4 1 2 8 9
0000 0
0001 1
0010 1
0011 1
0100 0
0101 0
0110 0
0111 0
1000 1
1001 1
1010 1
1011 1
1100 0
1101 0
1110 0
1111 0

# 2 CD 
.n 2 4 2 3 11 12
0000 0
0001 0
0010 0
0011 0
0100 0
0101 0
0110 0
0111 1
1000 0
1001 0
1010 0
1011 0
1100 0
1101 0
1110 0
1111 0

# 3 Cdc14 
.n 3 2 11 13
00 0
01 0
10 0
11 1

# 4 Cdc20 
.n 4 3 7 12 15
000 0
001 0
010 0
011 0
100 0
101 0
110 0
111 1

# 5 Cdh1 
.n 5 4 3 7 8 9
0000 1
0001 0
0010 0
0011 0
0100 0
0101 0
0110 0
0111 0
1000 1
1001 1
1010 1
1011 1
1100 1
1101 1
1110 1
1111 1

# 6 CKI 
.n 6 6 6 3 7 8 9 17
000000 0
000001 1
000010 0
000011 0
000100 0
000101 0
000110 0
000111 0
001000 0
001001 0
001010 0
001011 0
001100 0
001101 0
001110 0
001111 0
010000 0
010001 1
010010 0
010011 1
010100 0
010101 1
010110 0
010111 1
011000 0
011001 1
011010 0
011011 1
011100 0
011101 1
011110 0
011111 1
100000 1
100001 1
100010 0
100011 0
100100 0
100101 0
100110 0
100111 0
101000 0
101001 0
101010 0
101011 0
101100 0
101101 0
101110 0
101111 0
110000 1
110001 1
110010 0
110011 1
110100 0
110101 1
110110 0
110111 1
111000 0
111001 1
111010 0
111011 1
111100 0
111101 1
111110 0
111111 1

# 7 Clb2 
.n 7 6 1 6 4 5 7 15
000000 0
000001 0
000010 0
000011 1
000100 0
000101 0
000110 0
000111 1
001000 0
001001 0
001010 0
001011 1
001100 0
001101 0
001110 0
001111 0
010000 0
010001 0
010010 0
010011 0
010100 0
010101 0
010110 0
010111 0
011000 0
011001 0
011010 0
011011 0
011100 0
011101 0
011110 0
011111 0
100000 1
100001 1
100010 1
100011 1
100100 1
100101 1
100110 1
100111 1
101000 1
101001 1
101010 1
101011 1
101100 0
101101 0
101110 0
101111 0
110000 0
110001 0
110010 0
110011 0
110100 0
110101 0
110110 0
110111 0
111000 0
111001 0
111010 0
111011 0
111100 0
111101 0
111110 0
111111 0

# 8 Clb5 
.n 8 3 6 4 16
000 0
001 1
010 0
011 0
100 0
101 1
110 0
111 0

# 9 Cln2 
.n 9 1 16
0 0
1 1

# 10 Cln3 
.n 10 1 18
0 1
1 0

# 11 FEAR 
.n 11 1 4
0 0
1 1

# 12 M 
.n 12 4 2 7 12 14
0000 0
0001 0
0010 1
0011 1
0100 0
0101 1
0110 1
0111 1
1000 0
1001 0
1010 0
1011 0
1100 0
1101 0
1110 0
1111 0

# 13 MEN 
.n 13 2 7 11
00 0
01 0
10 0
11 1

# 14 S 
.n 14 4 2 7 8 14
0000 0
0001 1
0010 1
0011 1
0100 1
0101 1
0110 1
0111 1
1000 0
1001 0
1010 0
1011 0
1100 0
1101 0
1110 0
1111 0

# 15 SFF 
.n 15 6 1 6 4 5 7 15
000000 0
000001 0
000010 0
000011 1
000100 0
000101 0
000110 0
000111 1
001000 0
001001 0
001010 0
001011 1
001100 0
001101 0
001110 0
001111 1
010000 0
010001 0
010010 0
010011 1
010100 0
010101 0
010110 0
010111 1
011000 0
011001 0
011010 0
011011 1
011100 0
011101 0
011110 0
011111 1
100000 1
100001 1
100010 1
100011 1
100100 1
100101 1
100110 1
100111 1
101000 1
101001 1
101010 1
101011 1
101100 0
101101 0
101110 0
101111 1
110000 0
110001 0
110010 0
110011 1
110100 0
110101 0
110110 0
110111 1
111000 0
111001 0
111010 0
111011 1
111100 0
111101 0
111110 0
111111 1

# 16 SMBF 
.n 16 4 7 9 10 16
0000 0
0001 1
0010 1
0011 1
0100 1
0101 1
0110 1
0111 1
1000 0
1001 0
1010 0
1011 0
1100 0
1101 0
1110 0
1111 0

# 17 Swi5 
.n 17 3 3 7 15
000 0
001 1
010 0
011 0
100 0
101 1
110 0
111 1

# 18 Yhp1 
.n 18 1 16
0 0
1 1

.e End of file
