.v 20

.l 1 Cdc14
.l 2 Cdc20
.l 3 Cdh1
.l 4 Clb2
.l 5 Clb5
.l 6 Cln2
.l 7 Cln3
.l 8 FEAR
.l 9 MEN
.l 10 SFF
.l 11 Sic1
.l 12 SMBF
.l 13 Swe1
.l 14 Swi5
.l 15 Whi5
.l 16 Yhp1
.l 17 SpindleCP
.l 18 Start
.l 19 Size
.l 20 BuddingCP

# 1 Cdc14 
.n 1 2 8 9
00 0
01 0
10 0
11 1

# 2 Cdc20 
.n 2 3 4 10 17
000 0
001 0
010 0
011 0
100 0
101 0
110 0
111 1

# 3 Cdh1 
.n 3 4 1 4 5 6
0000 1
0001 0
0010 0
0011 0
0100 0
0101 0
0110 0
0111 0
1000 1
1001 1
1010 1
1011 1
1100 1
1101 1
1110 1
1111 1

# 4 Clb2 
.n 4 5 2 3 10 11 13
00000 1
00001 0
00010 0
00011 0
00100 1
00101 0
00110 1
00111 0
01000 0
01001 0
01010 0
01011 0
01100 1
01101 0
01110 1
01111 0
10000 0
10001 0
10010 0
10011 0
10100 1
10101 0
10110 1
10111 0
11000 0
11001 0
11010 0
11011 0
11100 0
11101 0
11110 0
11111 0

# 5 Clb5 
.n 5 3 2 12 11
000 0
001 0
010 1
011 0
100 0
101 0
110 0
111 0

# 6 Cln2 
.n 6 2 12 18
00 0
01 0
10 0
11 1

# 7 Cln3 
.n 7 2 19 16
00 0
01 0
10 1
11 0

# 8 FEAR 
.n 8 1 2
0 0
1 1

# 9 MEN 
.n 9 2 4 8
00 0
01 0
10 0
11 1

# 10 SFF 
.n 10 1 4
0 0
1 1

# 11 Sic1 
.n 11 6 1 4 5 6 11 14
000000 1
000001 1
000010 1
000011 1
000100 0
000101 0
000110 0
000111 0
001000 0
001001 0
001010 0
001011 0
001100 0
001101 0
001110 0
001111 0
010000 0
010001 0
010010 0
010011 0
010100 0
010101 0
010110 0
010111 0
011000 0
011001 0
011010 0
011011 0
011100 0
011101 0
011110 0
011111 0
100000 0
100001 1
100010 1
100011 1
100100 0
100101 1
100110 1
100111 1
101000 0
101001 1
101010 1
101011 1
101100 0
101101 1
101110 1
101111 1
110000 0
110001 1
110010 1
110011 1
110100 0
110101 1
110110 1
110111 1
111000 0
111001 1
111010 1
111011 1
111100 0
111101 1
111110 1
111111 1

# 12 SMBF 
.n 12 2 4 15
00 1
01 0
10 0
11 0

# 13 Swe1 
.n 13 1 20
0 1
1 0

# 14 Swi5 
.n 14 4 1 4 10 14
0000 0
0001 0
0010 0
0011 0
0100 0
0101 0
0110 0
0111 0
1000 0
1001 0
1010 1
1011 0
1100 0
1101 0
1110 0
1111 0

# 15 Whi5 
.n 15 3 6 7 18
000 1
001 1
010 1
011 0
100 1
101 0
110 1
111 0

# 16 Yhp1 
.n 16 1 12
0 0
1 1

# 17 SpindleCP 
.n 17 0

# 18 Start 
.n 18 0

# 19 Size 
.n 19 0

# 20 BuddingCP 
.n 20 0

.e End of file
