.v 38

.l 1 TGFbR
.l 2 STAT1
.l 3 IL4
.l 4 IL12R
.l 5 IFNg
.l 6 STAT5
.l 7 IL21
.l 8 Foxp3
.l 9 IRAK
.l 10 IL4R
.l 11 IL6
.l 12 IL18R
.l 13 Tbet
.l 14 GATA3
.l 15 STAT6
.l 16 NFkB
.l 17 STAT3
.l 18 STAT4
.l 19 IL2
.l 20 NFAT
.l 21 IFNgR
.l 22 IL23R
.l 23 IL6R
.l 24 SOCS1
.l 25 Jak1
.l 26 RORgt
.l 27 IL17
.l 28 IL2R
.l 29 IL21R
.l 30 IL6_e
.l 31 TCR
.l 32 IL18
.l 33 IL4_e
.l 34 IL23
.l 35 IL12
.l 36 IFNg_e
.l 37 TGFb
.l 38 IL27

# 1 TGFbR 
.n 1 2 20 37
11 1
10 0
01 0
00 0

# 2 STAT1 
.n 2 3 20 25 38
111 1
110 1
101 1
100 0
011 1
010 1
001 0
000 0

# 3 IL4 
.n 3 3 2 14 20
111 0
110 0
101 0
100 0
011 1
010 0
001 0
000 0

# 4 IL12R 
.n 4 6 13 14 18 20 31 35
111111 1
111110 1
111101 1
111100 1
111011 1
111010 1
111001 1
111000 1
110111 1
110110 1
110101 1
110100 1
110011 1
110010 1
110001 1
110000 1
101111 1
101110 1
101101 1
101100 1
101011 1
101010 1
101001 1
101000 1
100111 1
100110 1
100101 1
100100 1
100011 1
100010 1
100001 1
100000 1
011111 1
011110 0
011101 1
011100 0
011011 0
011010 0
011001 0
011000 0
010111 1
010110 0
010101 1
010100 0
010011 0
010010 0
010001 0
010000 0
001111 1
001110 1
001101 1
001100 1
001011 1
001010 1
001001 1
001000 1
000111 1
000110 1
000101 1
000100 0
000011 1
000010 1
000001 0
000000 0

# 5 IFNg 
.n 5 6 13 15 16 17 18 20
111111 1
111110 1
111101 1
111100 1
111011 1
111010 1
111001 1
111000 1
110111 0
110110 0
110101 0
110100 0
110011 1
110010 1
110001 1
110000 1
101111 1
101110 1
101101 1
101100 1
101011 1
101010 1
101001 1
101000 1
100111 0
100110 0
100101 0
100100 0
100011 1
100010 1
100001 1
100000 1
011111 1
011110 1
011101 1
011100 1
011011 1
011010 1
011001 1
011000 1
010111 0
010110 0
010101 0
010100 0
010011 0
010010 0
010001 0
010000 0
001111 1
001110 1
001101 1
001100 1
001011 1
001010 1
001001 1
001000 1
000111 0
000110 0
000101 0
000100 0
000011 0
000010 0
000001 0
000000 0

# 6 STAT5 
.n 6 1 28
1 1
0 0

# 7 IL21 
.n 7 2 17 20
11 1
10 0
01 0
00 0

# 8 Foxp3 
.n 8 6 1 6 14 17 23 29
111111 0
111110 0
111101 0
111100 0
111011 0
111010 0
111001 0
111000 0
110111 0
110110 0
110101 0
110100 1
110011 0
110010 1
110001 0
110000 1
101111 0
101110 0
101101 0
101100 0
101011 0
101010 0
101001 0
101000 0
100111 0
100110 0
100101 0
100100 1
100011 0
100010 1
100001 0
100000 1
011111 0
011110 0
011101 0
011100 0
011011 0
011010 0
011001 0
011000 0
010111 0
010110 0
010101 0
010100 1
010011 0
010010 1
010001 0
010000 1
001111 0
001110 0
001101 0
001100 0
001011 0
001010 0
001001 0
001000 0
000111 0
000110 0
000101 0
000100 0
000011 0
000010 0
000001 0
000000 0

# 9 IRAK 
.n 9 1 12
1 1
0 0

# 10 IL4R 
.n 10 3 3 24 33
111 1
110 0
101 1
100 1
011 1
010 0
001 1
000 0

# 11 IL6 
.n 11 1 26
1 1
0 0

# 12 IL18R 
.n 12 3 15 32 35
111 0
110 0
101 0
100 0
011 1
010 0
001 0
000 0

# 13 Tbet 
.n 13 7 2 5 8 13 18 26 35
1111111 0
1111110 0
1111101 0
1111100 0
1111011 0
1111010 0
1111001 0
1111000 0
1110111 0
1110110 0
1110101 0
1110100 0
1110011 0
1110010 0
1110001 0
1110000 0
1101111 0
1101110 0
1101101 1
1101100 1
1101011 0
1101010 0
1101001 1
1101000 1
1100111 0
1100110 0
1100101 1
1100100 1
1100011 0
1100010 0
1100001 1
1100000 1
1011111 0
1011110 0
1011101 0
1011100 0
1011011 0
1011010 0
1011001 0
1011000 0
1010111 0
1010110 0
1010101 0
1010100 0
1010011 0
1010010 0
1010001 0
1010000 0
1001111 0
1001110 0
1001101 1
1001100 1
1001011 0
1001010 0
1001001 1
1001000 1
1000111 0
1000110 0
1000101 1
1000100 1
1000011 0
1000010 0
1000001 1
1000000 1
0111111 0
0111110 0
0111101 0
0111100 0
0111011 0
0111010 0
0111001 0
0111000 0
0110111 0
0110110 0
0110101 0
0110100 0
0110011 0
0110010 0
0110001 0
0110000 0
0101111 0
0101110 0
0101101 1
0101100 1
0101011 0
0101010 0
0101001 0
0101000 0
0100111 0
0100110 0
0100101 1
0100100 1
0100011 0
0100010 0
0100001 0
0100000 0
0011111 0
0011110 0
0011101 0
0011100 0
0011011 0
0011010 0
0011001 0
0011000 0
0010111 0
0010110 0
0010101 0
0010100 0
0010011 0
0010010 0
0010001 0
0010000 0
0001111 0
0001110 0
0001101 1
0001100 1
0001011 0
0001010 0
0001001 0
0001000 1
0000111 0
0000110 0
0000101 1
0000100 1
0000011 0
0000010 0
0000001 0
0000000 0

# 14 GATA3 
.n 14 8 6 8 13 14 15 20 26 37
11111111 0
11111110 0
11111101 0
11111100 0
11111011 0
11111010 0
11111001 0
11111000 0
11110111 0
11110110 0
11110101 0
11110100 0
11110011 0
11110010 0
11110001 0
11110000 0
11101111 0
11101110 0
11101101 0
11101100 0
11101011 0
11101010 0
11101001 0
11101000 0
11100111 0
11100110 0
11100101 0
11100100 0
11100011 0
11100010 0
11100001 0
11100000 0
11011111 1
11011110 1
11011101 1
11011100 1
11011011 1
11011010 1
11011001 1
11011000 1
11010111 1
11010110 1
11010101 1
11010100 1
11010011 1
11010010 1
11010001 1
11010000 1
11001111 0
11001110 0
11001101 0
11001100 0
11001011 0
11001010 0
11001001 0
11001000 0
11000111 0
11000110 0
11000101 0
11000100 0
11000011 0
11000010 0
11000001 0
11000000 0
10111111 0
10111110 0
10111101 0
10111100 0
10111011 0
10111010 0
10111001 0
10111000 0
10110111 0
10110110 0
10110101 0
10110100 0
10110011 0
10110010 0
10110001 0
10110000 0
10101111 0
10101110 0
10101101 0
10101100 0
10101011 0
10101010 0
10101001 0
10101000 0
10100111 0
10100110 0
10100101 0
10100100 0
10100011 0
10100010 0
10100001 0
10100000 0
10011111 1
10011110 1
10011101 1
10011100 1
10011011 1
10011010 1
10011001 1
10011000 1
10010111 1
10010110 1
10010101 1
10010100 1
10010011 1
10010010 1
10010001 1
10010000 1
10001111 0
10001110 0
10001101 0
10001100 1
10001011 0
10001010 0
10001001 0
10001000 1
10000111 0
10000110 0
10000101 0
10000100 1
10000011 0
10000010 0
10000001 0
10000000 1
01111111 0
01111110 0
01111101 0
01111100 0
01111011 0
01111010 0
01111001 0
01111000 0
01110111 0
01110110 0
01110101 0
01110100 0
01110011 0
01110010 0
01110001 0
01110000 0
01101111 0
01101110 0
01101101 0
01101100 0
01101011 0
01101010 0
01101001 0
01101000 0
01100111 0
01100110 0
01100101 0
01100100 0
01100011 0
01100010 0
01100001 0
01100000 0
01011111 1
01011110 1
01011101 1
01011100 1
01011011 1
01011010 1
01011001 1
01011000 1
01010111 1
01010110 1
01010101 1
01010100 1
01010011 1
01010010 1
01010001 1
01010000 1
01001111 0
01001110 0
01001101 0
01001100 0
01001011 0
01001010 0
01001001 0
01001000 0
01000111 0
01000110 0
01000101 0
01000100 0
01000011 0
01000010 0
01000001 0
01000000 0
00111111 0
00111110 0
00111101 0
00111100 0
00111011 0
00111010 0
00111001 0
00111000 0
00110111 0
00110110 0
00110101 0
00110100 0
00110011 0
00110010 0
00110001 0
00110000 0
00101111 0
00101110 0
00101101 0
00101100 0
00101011 0
00101010 0
00101001 0
00101000 0
00100111 0
00100110 0
00100101 0
00100100 0
00100011 0
00100010 0
00100001 0
00100000 0
00011111 1
00011110 1
00011101 1
00011100 1
00011011 1
00011010 1
00011001 1
00011000 1
00010111 1
00010110 1
00010101 1
00010100 1
00010011 1
00010010 1
00010001 1
00010000 1
00001111 0
00001110 0
00001101 0
00001100 1
00001011 0
00001010 0
00001001 0
00001000 0
00000111 0
00000110 0
00000101 0
00000100 0
00000011 0
00000010 0
00000001 0
00000000 0

# 15 STAT6 
.n 15 3 5 10 24
111 0
110 0
101 0
100 0
011 0
010 1
001 0
000 0

# 16 NFkB 
.n 16 2 8 9
11 0
10 0
01 1
00 0

# 17 STAT3 
.n 17 3 22 23 29
111 1
110 1
101 1
100 1
011 1
010 1
001 1
000 0

# 18 STAT4 
.n 18 3 4 14 35
111 0
110 0
101 1
100 0
011 0
010 0
001 0
000 0

# 19 IL2 
.n 19 3 13 16 20
111 0
110 0
101 0
100 0
011 1
010 0
001 0
000 0

# 20 NFAT 
.n 20 2 8 31
11 0
10 0
01 1
00 0

# 21 IFNgR 
.n 21 3 5 20 36
111 1
110 1
101 0
100 0
011 1
010 0
001 0
000 0

# 22 IL23R 
.n 22 3 13 17 34
111 1
110 1
101 0
100 0
011 1
010 1
001 0
000 0

# 23 IL6R 
.n 23 2 11 30
11 1
10 1
01 1
00 0

# 24 SOCS1 
.n 24 2 2 13
11 1
10 1
01 1
00 0

# 25 Jak1 
.n 25 2 21 24
11 0
10 1
01 0
00 0

# 26 RORgt 
.n 26 7 1 8 13 14 17 23 29
1111111 0
1111110 0
1111101 0
1111100 0
1111011 0
1111010 0
1111001 0
1111000 0
1110111 0
1110110 0
1110101 0
1110100 0
1110011 0
1110010 0
1110001 0
1110000 0
1101111 0
1101110 0
1101101 0
1101100 0
1101011 0
1101010 0
1101001 0
1101000 0
1100111 0
1100110 0
1100101 0
1100100 0
1100011 0
1100010 0
1100001 0
1100000 0
1011111 0
1011110 0
1011101 0
1011100 0
1011011 0
1011010 0
1011001 0
1011000 0
1010111 0
1010110 0
1010101 0
1010100 0
1010011 0
1010010 0
1010001 0
1010000 0
1001111 0
1001110 0
1001101 0
1001100 0
1001011 0
1001010 0
1001001 0
1001000 0
1000111 1
1000110 1
1000101 1
1000100 0
1000011 0
1000010 0
1000001 0
1000000 0
0111111 0
0111110 0
0111101 0
0111100 0
0111011 0
0111010 0
0111001 0
0111000 0
0110111 0
0110110 0
0110101 0
0110100 0
0110011 0
0110010 0
0110001 0
0110000 0
0101111 0
0101110 0
0101101 0
0101100 0
0101011 0
0101010 0
0101001 0
0101000 0
0100111 0
0100110 0
0100101 0
0100100 0
0100011 0
0100010 0
0100001 0
0100000 0
0011111 0
0011110 0
0011101 0
0011100 0
0011011 0
0011010 0
0011001 0
0011000 0
0010111 0
0010110 0
0010101 0
0010100 0
0010011 0
0010010 0
0010001 0
0010000 0
0001111 0
0001110 0
0001101 0
0001100 0
0001011 0
0001010 0
0001001 0
0001000 0
0000111 0
0000110 0
0000101 0
0000100 0
0000011 0
0000010 0
0000001 0
0000000 0

# 27 IL17 
.n 27 6 2 6 17 22 26 27
111111 0
111110 0
111101 0
111100 0
111011 0
111010 0
111001 0
111000 0
110111 0
110110 0
110101 0
110100 0
110011 0
110010 0
110001 0
110000 0
101111 0
101110 0
101101 0
101100 0
101011 0
101010 0
101001 0
101000 0
100111 0
100110 0
100101 0
100100 0
100011 0
100010 0
100001 0
100000 0
011111 1
011110 1
011101 0
011100 0
011011 1
011010 1
011001 0
011000 0
010111 1
010110 1
010101 0
010100 0
010011 1
010010 1
010001 0
010000 0
001111 1
001110 1
001101 1
001100 0
001011 1
001010 1
001001 0
001000 0
000111 1
000110 1
000101 0
000100 0
000011 1
000010 1
000001 0
000000 0

# 28 IL2R 
.n 28 2 19 20
11 1
10 0
01 0
00 0

# 29 IL21R 
.n 29 1 7
1 1
0 0

# 30 IL6_e 
.n 30 0

# 31 TCR 
.n 31 0

# 32 IL18 
.n 32 0

# 33 IL4_e 
.n 33 0

# 34 IL23 
.n 34 0

# 35 IL12 
.n 35 0

# 36 IFNg_e 
.n 36 0

# 37 TGFb 
.n 37 0

# 38 IL27 
.n 38 0

.e End of file
