.v 70

.l 1 SMAD
.l 2 CYTC
.l 3 TNFA
.l 4 FAS
.l 5 GP130
.l 6 CASP8
.l 7 SPHK1
.l 8 JAK
.l 9 SOCS
.l 10 SMASE
.l 11 TH1
.l 12 IFNG
.l 13 SOD
.l 14 PTEN
.l 15 IL10
.l 16 JUN
.l 17 PP2A
.l 18 P53
.l 19 RAS
.l 20 CASP3
.l 21 MEK
.l 22 MAC
.l 23 P21
.l 24 CERAMIDE
.l 25 TREG
.l 26 TBID
.l 27 IL12
.l 28 BCATENIN
.l 29 RAF
.l 30 ASK1
.l 31 TNFR
.l 32 TH2
.l 33 IL4
.l 34 STAT3
.l 35 JNK
.l 36 CFLIP
.l 37 IKK
.l 38 EP2
.l 39 SMAD7
.l 40 PI3K
.l 41 CTL
.l 42 FOS
.l 43 BCL2
.l 44 TGFR
.l 45 GSK3B
.l 46 CCL2
.l 47 MOMP
.l 48 ATM
.l 49 IAP
.l 50 Apoptosis
.l 51 Proliferation
.l 52 PGE2
.l 53 COX2
.l 54 SMAC
.l 55 ERK
.l 56 S1P
.l 57 ROS
.l 58 NFKB
.l 59 DC
.l 60 MDM2
.l 61 FADD
.l 62 TGFB
.l 63 CYCLIND1
.l 64 IKB
.l 65 IL6
.l 66 CASP9
.l 67 MEKK1
.l 68 BAX
.l 69 AKT
.l 70 APC

# 1 SMAD 
.n 1 2 16 44
11 0
10 0
01 1
00 0

# 2 CYTC 
.n 2 1 47
1 1
0 0

# 3 TNFA 
.n 3 1 22
1 1
0 0

# 4 FAS 
.n 4 1 41
1 1
0 0

# 5 GP130 
.n 5 1 65
1 1
0 0

# 6 CASP8 
.n 6 3 23 36 61
111 0
110 0
101 0
100 0
011 0
010 0
001 1
000 0

# 7 SPHK1 
.n 7 2 31 55
11 1
10 1
01 1
00 0

# 8 JAK 
.n 8 2 5 9
11 0
10 1
01 0
00 0

# 9 SOCS 
.n 9 1 34
1 1
0 0

# 10 SMASE 
.n 10 2 18 61
11 1
10 1
01 1
00 0

# 11 TH1 
.n 11 5 12 15 27 33 62
11111 0
11110 0
11101 0
11100 0
11011 0
11010 0
11001 0
11000 0
10111 0
10110 0
10101 0
10100 1
10011 0
10010 0
10001 0
10000 1
01111 0
01110 0
01101 0
01100 0
01011 0
01010 0
01001 0
01000 0
00111 0
00110 0
00101 0
00100 1
00011 0
00010 0
00001 0
00000 0

# 12 IFNG 
.n 12 2 11 41
11 1
10 1
01 1
00 0

# 13 SOD 
.n 13 2 34 58
11 1
10 1
01 1
00 0

# 14 PTEN 
.n 14 3 16 18 58
111 0
110 0
101 0
100 0
011 0
010 1
001 0
000 0

# 15 IL10 
.n 15 2 25 32
11 1
10 1
01 1
00 0

# 16 JUN 
.n 16 4 28 35 45 55
1111 0
1110 0
1101 1
1100 1
1011 0
1010 0
1001 0
1000 0
0111 0
0110 0
0101 1
0100 0
0011 0
0010 0
0001 0
0000 0

# 17 PP2A 
.n 17 2 24 69
11 0
10 1
01 0
00 0

# 18 P53 
.n 18 4 14 35 48 60
1111 0
1110 1
1101 0
1100 1
1011 0
1010 1
1001 0
1000 1
0111 0
0110 1
0101 0
0100 1
0011 0
0010 1
0001 0
0000 0

# 19 RAS 
.n 19 2 5 38
11 1
10 1
01 1
00 0

# 20 CASP3 
.n 20 3 6 49 66
111 0
110 0
101 1
100 1
011 0
010 0
001 1
000 0

# 21 MEK 
.n 21 2 29 57
11 1
10 1
01 1
00 0

# 22 MAC 
.n 22 3 12 15 46
111 0
110 0
101 1
100 1
011 0
010 0
001 1
000 0

# 23 P21 
.n 23 4 1 18 20 45
1111 0
1110 0
1101 0
1100 1
1011 0
1010 0
1001 0
1000 1
0111 0
0110 0
0101 0
0100 1
0011 0
0010 0
0001 0
0000 0

# 24 CERAMIDE 
.n 24 2 7 10
11 0
10 0
01 1
00 0

# 25 TREG 
.n 25 3 15 59 65
111 0
110 1
101 0
100 1
011 0
010 1
001 0
000 0

# 26 TBID 
.n 26 2 6 43
11 0
10 1
01 0
00 0

# 27 IL12 
.n 27 2 22 59
11 1
10 1
01 1
00 0

# 28 BCATENIN 
.n 28 2 45 70
11 0
10 1
01 1
00 1

# 29 RAF 
.n 29 2 19 24
11 1
10 1
01 1
00 0

# 30 ASK1 
.n 30 2 23 57
11 0
10 0
01 1
00 0

# 31 TNFR 
.n 31 1 3
1 1
0 0

# 32 TH2 
.n 32 3 12 33 62
111 0
110 0
101 0
100 0
011 0
010 1
001 0
000 0

# 33 IL4 
.n 33 2 32 59
11 1
10 1
01 1
00 0

# 34 STAT3 
.n 34 1 8
1 1
0 0

# 35 JNK 
.n 35 2 30 67
11 1
10 1
01 1
00 0

# 36 CFLIP 
.n 36 1 58
1 1
0 0

# 37 IKK 
.n 37 3 31 56 69
111 1
110 1
101 1
100 0
011 1
010 0
001 1
000 0

# 38 EP2 
.n 38 1 52
1 1
0 0

# 39 SMAD7 
.n 39 2 1 58
11 1
10 1
01 1
00 0

# 40 PI3K 
.n 40 3 14 19 38
111 0
110 0
101 0
100 0
011 1
010 1
001 1
000 0

# 41 CTL 
.n 41 2 12 62
11 0
10 1
01 0
00 0

# 42 FOS 
.n 42 1 55
1 1
0 0

# 43 BCL2 
.n 43 4 17 18 34 58
1111 0
1110 0
1101 0
1100 0
1011 0
1010 0
1001 0
1000 0
0111 0
0110 0
0101 0
0100 0
0011 1
0010 1
0001 1
0000 0

# 44 TGFR 
.n 44 2 39 62
11 0
10 0
01 1
00 0

# 45 GSK3B 
.n 45 2 38 69
11 0
10 0
01 0
00 1

# 46 CCL2 
.n 46 1 58
1 1
0 0

# 47 MOMP 
.n 47 4 24 26 43 68
1111 0
1110 0
1101 1
1100 1
1011 0
1010 0
1001 1
1000 1
0111 0
0110 0
0101 1
0100 1
0011 0
0010 0
0001 1
0000 0

# 48 ATM 
.n 48 1 57
1 1
0 0

# 49 IAP 
.n 49 3 34 54 58
111 0
110 0
101 1
100 1
011 0
010 0
001 1
000 0

# 50 Apoptosis 
.n 50 1 20
1 1
0 0

# 51 Proliferation 
.n 51 4 20 23 42 63
1111 0
1110 0
1101 0
1100 0
1011 0
1010 0
1001 0
1000 0
0111 0
0110 0
0101 0
0100 0
0011 1
0010 0
0001 0
0000 0

# 52 PGE2 
.n 52 1 53
1 1
0 0

# 53 COX2 
.n 53 2 31 56
11 1
10 0
01 0
00 0

# 54 SMAC 
.n 54 1 47
1 1
0 0

# 55 ERK 
.n 55 1 21
1 1
0 0

# 56 S1P 
.n 56 1 7
1 1
0 0

# 57 ROS 
.n 57 2 13 31
11 0
10 0
01 1
00 0

# 58 NFKB 
.n 58 1 64
1 0
0 1

# 59 DC 
.n 59 3 3 15 46
111 0
110 0
101 1
100 1
011 0
010 0
001 1
000 0

# 60 MDM2 
.n 60 4 18 45 48 69
1111 0
1110 0
1101 0
1100 0
1011 0
1010 0
1001 1
1000 0
0111 0
0110 0
0101 0
0100 0
0011 0
0010 0
0001 0
0000 0

# 61 FADD 
.n 61 2 4 31
11 1
10 1
01 1
00 0

# 62 TGFB 
.n 62 1 25
1 1
0 0

# 63 CYCLIND1 
.n 63 4 16 28 34 45
1111 0
1110 1
1101 0
1100 1
1011 0
1010 1
1001 0
1000 1
0111 0
0110 1
0101 0
0100 1
0011 0
0010 1
0001 0
0000 0

# 64 IKB 
.n 64 1 37
1 0
0 1

# 65 IL6 
.n 65 3 22 58 59
111 1
110 1
101 1
100 1
011 1
010 1
001 1
000 0

# 66 CASP9 
.n 66 3 2 23 49
111 0
110 0
101 0
100 1
011 0
010 0
001 0
000 0

# 67 MEKK1 
.n 67 3 24 31 44
111 1
110 1
101 1
100 1
011 1
010 1
001 1
000 0

# 68 BAX 
.n 68 4 17 18 26 69
1111 0
1110 1
1101 0
1100 1
1011 0
1010 1
1001 0
1000 0
0111 0
0110 0
0101 0
0100 0
0011 0
0010 0
0001 0
0000 0

# 69 AKT 
.n 69 3 17 20 40
111 0
110 0
101 0
100 0
011 0
010 0
001 1
000 0

# 70 APC 
.n 70 0

.e End of file
