.v 5

.l 1 Coup_fti
.l 2 Emx2
.l 3 Fgf8
.l 4 Pax6
.l 5 Sp8

# 1 Coup_fti 
.n 1 2 3 5
00 1
01 0
10 0
11 0

# 2 Emx2 
.n 2 4 1 3 4 5
0000 0
0001 0
0010 0
0011 0
0100 0
0101 0
0110 0
0111 0
1000 1
1001 0
1010 0
1011 0
1100 0
1101 0
1110 0
1111 0

# 3 Fgf8 
.n 3 3 2 3 5
000 0
001 0
010 0
011 1
100 0
101 0
110 0
111 0

# 4 Pax6 
.n 4 3 1 2 5
000 0
001 1
010 0
011 0
100 0
101 0
110 0
111 0

# 5 Sp8 
.n 5 2 2 3
00 0
01 1
10 0
11 0

.e End of file
