.v 5

.l 1 Emx2
.l 2 Pax6
.l 3 Fgf8
.l 4 Coup_fti
.l 5 Sp8

# 1 Emx2 
.n 1 4 2 3 4 5
1111 0
1110 0
1101 0
1100 0
1011 0
1010 0
1001 0
1000 0
0111 0
0110 0
0101 0
0100 0
0011 0
0010 1
0001 0
0000 0

# 2 Pax6 
.n 2 3 1 4 5
111 0
110 0
101 0
100 0
011 0
010 0
001 1
000 0

# 3 Fgf8 
.n 3 3 1 3 5
111 0
110 0
101 0
100 0
011 1
010 0
001 0
000 0

# 4 Coup_fti 
.n 4 2 3 5
11 0
10 0
01 0
00 1

# 5 Sp8 
.n 5 2 1 3
11 0
10 0
01 1
00 0

.e End of file
