.v 50

.l 1 CD4
.l 2 CD8
.l 3 Eomes
.l 4 Foxp3
.l 5 GATA3
.l 6 Gzmb
.l 7 IFNBR
.l 8 IFNg
.l 9 IFNgR
.l 10 IL10
.l 11 IL10R
.l 12 IL12R
.l 13 IL17
.l 14 IL18R
.l 15 IL23R
.l 16 IL27R
.l 17 IL2R
.l 18 IL4
.l 19 IL4R
.l 20 IL6
.l 21 IL6R
.l 22 IL7R
.l 23 IRAK
.l 24 JAK1
.l 25 JAK3
.l 26 NFAT
.l 27 Notch1
.l 28 Prf1
.l 29 RORgt
.l 30 Runx3
.l 31 SMAD2
.l 32 SOCS
.l 33 STAT1
.l 34 STAT3
.l 35 STAT4
.l 36 STAT5
.l 37 STAT6
.l 38 Tbet
.l 39 TGFB
.l 40 TGFBR
.l 41 ThPOK
.l 42 TCR
.l 43 IFNB
.l 44 IL12
.l 45 IL18
.l 46 IL23
.l 47 IL27
.l 48 IL2
.l 49 IL7
.l 50 Dll1

# 1 CD4 
.n 1 4 1 27 30 41
0000 0
0001 1
0010 0
0011 0
0100 1
0101 1
0110 0
0111 0
1000 1
1001 1
1010 0
1011 0
1100 1
1101 1
1110 0
1111 0

# 2 CD8 
.n 2 5 2 27 30 42 41
00000 0
00001 0
00010 0
00011 0
00100 1
00101 0
00110 0
00111 0
01000 1
01001 0
01010 0
01011 0
01100 1
01101 0
01110 0
01111 0
10000 1
10001 0
10010 0
10011 0
10100 1
10101 0
10110 0
10111 0
11000 1
11001 0
11010 0
11011 0
11100 1
11101 0
11110 0
11111 0

# 3 Eomes 
.n 3 3 16 30 38
000 0
001 1
010 1
011 1
100 1
101 1
110 1
111 1

# 4 Foxp3 
.n 4 6 4 5 29 31 34 38
000000 0
000001 0
000010 0
000011 0
000100 1
000101 0
000110 0
000111 0
001000 0
001001 0
001010 0
001011 0
001100 0
001101 0
001110 0
001111 0
010000 0
010001 0
010010 0
010011 0
010100 0
010101 0
010110 0
010111 0
011000 0
011001 0
011010 0
011011 0
011100 0
011101 0
011110 0
011111 0
100000 1
100001 0
100010 0
100011 0
100100 1
100101 0
100110 0
100111 0
101000 0
101001 0
101010 0
101011 0
101100 0
101101 0
101110 0
101111 0
110000 0
110001 0
110010 0
110011 0
110100 0
110101 0
110110 0
110111 0
111000 0
111001 0
111010 0
111011 0
111100 0
111101 0
111110 0
111111 0

# 5 GATA3 
.n 5 5 4 5 29 37 38
00000 0
00001 0
00010 1
00011 0
00100 0
00101 0
00110 0
00111 0
01000 1
01001 0
01010 1
01011 0
01100 0
01101 0
01110 0
01111 0
10000 0
10001 0
10010 0
10011 0
10100 0
10101 0
10110 0
10111 0
11000 0
11001 0
11010 0
11011 0
11100 0
11101 0
11110 0
11111 0

# 6 Gzmb 
.n 6 1 3
0 0
1 1

# 7 IFNBR 
.n 7 1 43
0 0
1 1

# 8 IFNg 
.n 8 5 3 23 34 35 38
00000 0
00001 1
00010 1
00011 1
00100 0
00101 0
00110 0
00111 0
01000 1
01001 1
01010 1
01011 1
01100 0
01101 0
01110 0
01111 0
10000 1
10001 1
10010 1
10011 1
10100 0
10101 0
10110 0
10111 0
11000 1
11001 1
11010 1
11011 1
11100 0
11101 0
11110 0
11111 0

# 9 IFNgR 
.n 9 1 8
0 0
1 1

# 10 IL10 
.n 10 1 5
0 0
1 1

# 11 IL10R 
.n 11 1 10
0 0
1 1

# 12 IL12R 
.n 12 2 44 37
00 0
01 0
10 1
11 0

# 13 IL17 
.n 13 1 29
0 0
1 1

# 14 IL18R 
.n 14 2 45 37
00 0
01 0
10 1
11 0

# 15 IL23R 
.n 15 1 46
0 0
1 1

# 16 IL27R 
.n 16 1 47
0 0
1 1

# 17 IL2R 
.n 17 1 48
0 0
1 1

# 18 IL4 
.n 18 2 5 33
00 0
01 0
10 1
11 0

# 19 IL4R 
.n 19 2 18 32
00 0
01 0
10 1
11 0

# 20 IL6 
.n 20 1 29
0 0
1 1

# 21 IL6R 
.n 21 1 20
0 0
1 1

# 22 IL7R 
.n 22 2 49 42
00 0
01 0
10 1
11 0

# 23 IRAK 
.n 23 1 14
0 0
1 1

# 24 JAK1 
.n 24 1 9
0 0
1 1

# 25 JAK3 
.n 25 1 21
0 0
1 1

# 26 NFAT 
.n 26 1 42
0 0
1 1

# 27 Notch1 
.n 27 1 50
0 0
1 1

# 28 Prf1 
.n 28 1 3
0 0
1 1

# 29 RORgt 
.n 29 6 4 5 29 31 34 38
000000 0
000001 0
000010 1
000011 0
000100 1
000101 0
000110 1
000111 0
001000 1
001001 0
001010 1
001011 0
001100 1
001101 0
001110 1
001111 0
010000 0
010001 0
010010 0
010011 0
010100 0
010101 0
010110 0
010111 0
011000 0
011001 0
011010 0
011011 0
011100 0
011101 0
011110 0
011111 0
100000 0
100001 0
100010 0
100011 0
100100 0
100101 0
100110 0
100111 0
101000 0
101001 0
101010 0
101011 0
101100 0
101101 0
101110 0
101111 0
110000 0
110001 0
110010 0
110011 0
110100 0
110101 0
110110 0
110111 0
111000 0
111001 0
111010 0
111011 0
111100 0
111101 0
111110 0
111111 0

# 30 Runx3 
.n 30 5 1 2 30 36 41
00000 0
00001 0
00010 1
00011 0
00100 1
00101 0
00110 1
00111 0
01000 1
01001 0
01010 1
01011 0
01100 1
01101 0
01110 1
01111 0
10000 0
10001 0
10010 0
10011 0
10100 0
10101 0
10110 0
10111 0
11000 0
11001 0
11010 0
11011 0
11100 0
11101 0
11110 0
11111 0

# 31 SMAD2 
.n 31 1 40
0 0
1 1

# 32 SOCS 
.n 32 2 33 38
00 0
01 1
10 1
11 1

# 33 STAT1 
.n 33 3 7 16 24
000 0
001 1
010 1
011 1
100 1
101 1
110 1
111 1

# 34 STAT3 
.n 34 3 11 15 25
000 0
001 1
010 1
011 1
100 1
101 1
110 1
111 1

# 35 STAT4 
.n 35 2 5 12
00 0
01 1
10 0
11 0

# 36 STAT5 
.n 36 3 17 22 32
000 0
001 0
010 1
011 0
100 1
101 0
110 1
111 0

# 37 STAT6 
.n 37 1 19
0 0
1 1

# 38 Tbet 
.n 38 5 4 5 29 33 38
00000 0
00001 1
00010 1
00011 1
00100 0
00101 0
00110 0
00111 0
01000 0
01001 0
01010 0
01011 0
01100 0
01101 0
01110 0
01111 0
10000 0
10001 0
10010 0
10011 0
10100 0
10101 0
10110 0
10111 0
11000 0
11001 0
11010 0
11011 0
11100 0
11101 0
11110 0
11111 0

# 39 TGFB 
.n 39 1 4
0 0
1 1

# 40 TGFBR 
.n 40 1 39
0 0
1 1

# 41 ThPOK 
.n 41 9 1 2 4 5 29 30 42 38 41
000000000 0
000000001 1
000000010 1
000000011 1
000000100 1
000000101 1
000000110 1
000000111 1
000001000 0
000001001 0
000001010 0
000001011 0
000001100 0
000001101 0
000001110 0
000001111 0
000010000 1
000010001 1
000010010 1
000010011 1
000010100 1
000010101 1
000010110 1
000010111 1
000011000 0
000011001 0
000011010 0
000011011 0
000011100 0
000011101 0
000011110 0
000011111 0
000100000 1
000100001 1
000100010 1
000100011 1
000100100 1
000100101 1
000100110 1
000100111 1
000101000 0
000101001 0
000101010 0
000101011 0
000101100 0
000101101 0
000101110 0
000101111 0
000110000 1
000110001 1
000110010 1
000110011 1
000110100 1
000110101 1
000110110 1
000110111 1
000111000 0
000111001 0
000111010 0
000111011 0
000111100 0
000111101 0
000111110 0
000111111 0
001000000 1
001000001 1
001000010 1
001000011 1
001000100 1
001000101 1
001000110 1
001000111 1
001001000 0
001001001 0
001001010 0
001001011 0
001001100 0
001001101 0
001001110 0
001001111 0
001010000 1
001010001 1
001010010 1
001010011 1
001010100 1
001010101 1
001010110 1
001010111 1
001011000 0
001011001 0
001011010 0
001011011 0
001011100 0
001011101 0
001011110 0
001011111 0
001100000 1
001100001 1
001100010 1
001100011 1
001100100 1
001100101 1
001100110 1
001100111 1
001101000 0
001101001 0
001101010 0
001101011 0
001101100 0
001101101 0
001101110 0
001101111 0
001110000 1
001110001 1
001110010 1
001110011 1
001110100 1
001110101 1
001110110 1
001110111 1
001111000 0
001111001 0
001111010 0
001111011 0
001111100 0
001111101 0
001111110 0
001111111 0
010000000 0
010000001 0
010000010 0
010000011 0
010000100 0
010000101 0
010000110 0
010000111 0
010001000 0
010001001 0
010001010 0
010001011 0
010001100 0
010001101 0
010001110 0
010001111 0
010010000 0
010010001 0
010010010 0
010010011 0
010010100 0
010010101 0
010010110 0
010010111 0
010011000 0
010011001 0
010011010 0
010011011 0
010011100 0
010011101 0
010011110 0
010011111 0
010100000 0
010100001 0
010100010 0
010100011 0
010100100 0
010100101 0
010100110 0
010100111 0
010101000 0
010101001 0
010101010 0
010101011 0
010101100 0
010101101 0
010101110 0
010101111 0
010110000 0
010110001 0
010110010 0
010110011 0
010110100 0
010110101 0
010110110 0
010110111 0
010111000 0
010111001 0
010111010 0
010111011 0
010111100 0
010111101 0
010111110 0
010111111 0
011000000 0
011000001 0
011000010 0
011000011 0
011000100 0
011000101 0
011000110 0
011000111 0
011001000 0
011001001 0
011001010 0
011001011 0
011001100 0
011001101 0
011001110 0
011001111 0
011010000 0
011010001 0
011010010 0
011010011 0
011010100 0
011010101 0
011010110 0
011010111 0
011011000 0
011011001 0
011011010 0
011011011 0
011011100 0
011011101 0
011011110 0
011011111 0
011100000 0
011100001 0
011100010 0
011100011 0
011100100 0
011100101 0
011100110 0
011100111 0
011101000 0
011101001 0
011101010 0
011101011 0
011101100 0
011101101 0
011101110 0
011101111 0
011110000 0
011110001 0
011110010 0
011110011 0
011110100 0
011110101 0
011110110 0
011110111 0
011111000 0
011111001 0
011111010 0
011111011 0
011111100 0
011111101 0
011111110 0
011111111 0
100000000 1
100000001 1
100000010 1
100000011 1
100000100 1
100000101 1
100000110 1
100000111 1
100001000 0
100001001 0
100001010 0
100001011 0
100001100 0
100001101 0
100001110 0
100001111 0
100010000 1
100010001 1
100010010 1
100010011 1
100010100 1
100010101 1
100010110 1
100010111 1
100011000 0
100011001 0
100011010 0
100011011 0
100011100 0
100011101 0
100011110 0
100011111 0
100100000 1
100100001 1
100100010 1
100100011 1
100100100 1
100100101 1
100100110 1
100100111 1
100101000 0
100101001 0
100101010 0
100101011 0
100101100 0
100101101 0
100101110 0
100101111 0
100110000 1
100110001 1
100110010 1
100110011 1
100110100 1
100110101 1
100110110 1
100110111 1
100111000 0
100111001 0
100111010 0
100111011 0
100111100 0
100111101 0
100111110 0
100111111 0
101000000 1
101000001 1
101000010 1
101000011 1
101000100 1
101000101 1
101000110 1
101000111 1
101001000 0
101001001 0
101001010 0
101001011 0
101001100 0
101001101 0
101001110 0
101001111 0
101010000 1
101010001 1
101010010 1
101010011 1
101010100 1
101010101 1
101010110 1
101010111 1
101011000 0
101011001 0
101011010 0
101011011 0
101011100 0
101011101 0
101011110 0
101011111 0
101100000 1
101100001 1
101100010 1
101100011 1
101100100 1
101100101 1
101100110 1
101100111 1
101101000 0
101101001 0
101101010 0
101101011 0
101101100 0
101101101 0
101101110 0
101101111 0
101110000 1
101110001 1
101110010 1
101110011 1
101110100 1
101110101 1
101110110 1
101110111 1
101111000 0
101111001 0
101111010 0
101111011 0
101111100 0
101111101 0
101111110 0
101111111 0
110000000 0
110000001 0
110000010 0
110000011 0
110000100 0
110000101 0
110000110 0
110000111 0
110001000 0
110001001 0
110001010 0
110001011 0
110001100 0
110001101 0
110001110 0
110001111 0
110010000 0
110010001 0
110010010 0
110010011 0
110010100 0
110010101 0
110010110 0
110010111 0
110011000 0
110011001 0
110011010 0
110011011 0
110011100 0
110011101 0
110011110 0
110011111 0
110100000 0
110100001 0
110100010 0
110100011 0
110100100 0
110100101 0
110100110 0
110100111 0
110101000 0
110101001 0
110101010 0
110101011 0
110101100 0
110101101 0
110101110 0
110101111 0
110110000 0
110110001 0
110110010 0
110110011 0
110110100 0
110110101 0
110110110 0
110110111 0
110111000 0
110111001 0
110111010 0
110111011 0
110111100 0
110111101 0
110111110 0
110111111 0
111000000 0
111000001 0
111000010 0
111000011 0
111000100 0
111000101 0
111000110 0
111000111 0
111001000 0
111001001 0
111001010 0
111001011 0
111001100 0
111001101 0
111001110 0
111001111 0
111010000 0
111010001 0
111010010 0
111010011 0
111010100 0
111010101 0
111010110 0
111010111 0
111011000 0
111011001 0
111011010 0
111011011 0
111011100 0
111011101 0
111011110 0
111011111 0
111100000 0
111100001 0
111100010 0
111100011 0
111100100 0
111100101 0
111100110 0
111100111 0
111101000 0
111101001 0
111101010 0
111101011 0
111101100 0
111101101 0
111101110 0
111101111 0
111110000 0
111110001 0
111110010 0
111110011 0
111110100 0
111110101 0
111110110 0
111110111 0
111111000 0
111111001 0
111111010 0
111111011 0
111111100 0
111111101 0
111111110 0
111111111 0

# 42 TCR 
.n 42 0

# 43 IFNB 
.n 43 0

# 44 IL12 
.n 44 0

# 45 IL18 
.n 45 0

# 46 IL23 
.n 46 0

# 47 IL27 
.n 47 0

# 48 IL2 
.n 48 0

# 49 IL7 
.n 49 0

# 50 Dll1 
.n 50 0

.e End of file
