.v 50

.l 1 Tbet
.l 2 STAT3
.l 3 SMAD2
.l 4 RORgt
.l 5 STAT6
.l 6 STAT1
.l 7 TGFB
.l 8 TGFBR
.l 9 IL6R
.l 10 IFNBR
.l 11 IL12R
.l 12 IFNg
.l 13 IFNgR
.l 14 IRAK
.l 15 IL7R
.l 16 IL10R
.l 17 STAT4
.l 18 IL2R
.l 19 JAK1
.l 20 IL23R
.l 21 Prf1
.l 22 SOCS
.l 23 IL17
.l 24 JAK3
.l 25 IL6
.l 26 IL18R
.l 27 Notch1
.l 28 Gzmb
.l 29 IL4R
.l 30 STAT5
.l 31 IL27R
.l 32 Runx3
.l 33 Foxp3
.l 34 Eomes
.l 35 NFAT
.l 36 ThPOK
.l 37 IL10
.l 38 CD4
.l 39 CD8
.l 40 IL4
.l 41 GATA3
.l 42 TCR
.l 43 IL12
.l 44 IL2
.l 45 Dll1
.l 46 IL23
.l 47 IL18
.l 48 IFNB
.l 49 IL7
.l 50 IL27

# 1 Tbet 
.n 1 5 1 4 6 33 41
11111 0
11110 0
11101 0
11100 0
11011 0
11010 0
11001 0
11000 0
10111 0
10110 0
10101 0
10100 1
10011 0
10010 0
10001 0
10000 1
01111 0
01110 0
01101 0
01100 0
01011 0
01010 0
01001 0
01000 0
00111 0
00110 0
00101 0
00100 1
00011 0
00010 0
00001 0
00000 0

# 2 STAT3 
.n 2 3 16 20 24
111 1
110 1
101 1
100 1
011 1
010 1
001 1
000 0

# 3 SMAD2 
.n 3 1 8
1 1
0 0

# 4 RORgt 
.n 4 6 1 2 3 4 33 41
111111 1
111110 1
111101 1
111100 1
111011 1
111010 1
111001 1
111000 1
110111 0
110110 0
110101 0
110100 0
110011 0
110010 0
110001 0
110000 0
101111 0
101110 0
101101 0
101100 0
101011 0
101010 0
101001 0
101000 0
100111 0
100110 0
100101 0
100100 0
100011 0
100010 0
100001 0
100000 0
011111 1
011110 1
011101 1
011100 1
011011 1
011010 1
011001 1
011000 1
010111 0
010110 0
010101 0
010100 1
010011 0
010010 0
010001 0
010000 0
001111 0
001110 0
001101 0
001100 1
001011 0
001010 0
001001 0
001000 0
000111 0
000110 0
000101 0
000100 1
000011 0
000010 0
000001 0
000000 0

# 5 STAT6 
.n 5 1 29
1 1
0 0

# 6 STAT1 
.n 6 3 10 19 31
111 1
110 1
101 1
100 1
011 1
010 1
001 1
000 0

# 7 TGFB 
.n 7 1 33
1 1
0 0

# 8 TGFBR 
.n 8 1 7
1 1
0 0

# 9 IL6R 
.n 9 1 25
1 1
0 0

# 10 IFNBR 
.n 10 1 48
1 1
0 0

# 11 IL12R 
.n 11 2 5 43
11 0
10 0
01 1
00 0

# 12 IFNg 
.n 12 5 1 2 14 17 34
11111 0
11110 0
11101 0
11100 0
11011 0
11010 0
11001 0
11000 0
10111 1
10110 1
10101 1
10100 1
10011 1
10010 1
10001 1
10000 1
01111 0
01110 0
01101 0
01100 0
01011 0
01010 0
01001 0
01000 0
00111 1
00110 1
00101 1
00100 1
00011 1
00010 1
00001 1
00000 0

# 13 IFNgR 
.n 13 1 12
1 1
0 0

# 14 IRAK 
.n 14 1 26
1 1
0 0

# 15 IL7R 
.n 15 2 42 49
11 0
10 0
01 1
00 0

# 16 IL10R 
.n 16 1 37
1 1
0 0

# 17 STAT4 
.n 17 2 11 41
11 0
10 1
01 0
00 0

# 18 IL2R 
.n 18 1 44
1 1
0 0

# 19 JAK1 
.n 19 1 13
1 1
0 0

# 20 IL23R 
.n 20 1 46
1 1
0 0

# 21 Prf1 
.n 21 1 34
1 1
0 0

# 22 SOCS 
.n 22 2 1 6
11 1
10 1
01 1
00 0

# 23 IL17 
.n 23 1 4
1 1
0 0

# 24 JAK3 
.n 24 1 9
1 1
0 0

# 25 IL6 
.n 25 1 4
1 1
0 0

# 26 IL18R 
.n 26 2 5 47
11 0
10 0
01 1
00 0

# 27 Notch1 
.n 27 1 45
1 1
0 0

# 28 Gzmb 
.n 28 1 34
1 1
0 0

# 29 IL4R 
.n 29 2 22 40
11 0
10 0
01 1
00 0

# 30 STAT5 
.n 30 3 15 18 22
111 0
110 1
101 0
100 1
011 0
010 1
001 0
000 0

# 31 IL27R 
.n 31 1 50
1 1
0 0

# 32 Runx3 
.n 32 5 30 32 36 38 39
11111 1
11110 1
11101 1
11100 1
11011 1
11010 1
11001 1
11000 1
10111 1
10110 1
10101 1
10100 1
10011 1
10010 1
10001 1
10000 1
01111 0
01110 0
01101 1
01100 0
01011 0
01010 0
01001 1
01000 1
00111 0
00110 0
00101 1
00100 0
00011 0
00010 0
00001 1
00000 0

# 33 Foxp3 
.n 33 6 1 2 3 4 33 41
111111 0
111110 0
111101 0
111100 0
111011 0
111010 0
111001 0
111000 0
110111 0
110110 0
110101 0
110100 0
110011 0
110010 0
110001 0
110000 0
101111 0
101110 0
101101 0
101100 0
101011 0
101010 0
101001 0
101000 0
100111 0
100110 0
100101 0
100100 0
100011 0
100010 0
100001 0
100000 0
011111 0
011110 0
011101 0
011100 0
011011 0
011010 0
011001 0
011000 0
010111 0
010110 0
010101 0
010100 0
010011 0
010010 0
010001 0
010000 0
001111 0
001110 0
001101 0
001100 0
001011 0
001010 1
001001 0
001000 1
000111 0
000110 0
000101 0
000100 0
000011 0
000010 1
000001 0
000000 0

# 34 Eomes 
.n 34 3 1 31 32
111 1
110 0
101 1
100 0
011 1
010 0
001 0
000 0

# 35 NFAT 
.n 35 1 42
1 1
0 0

# 36 ThPOK 
.n 36 9 1 4 32 33 36 38 39 41 42
111111111 1
111111110 1
111111101 1
111111100 1
111111011 1
111111010 1
111111001 1
111111000 1
111110111 1
111110110 1
111110101 1
111110100 1
111110011 1
111110010 1
111110001 1
111110000 1
111101111 1
111101110 1
111101101 1
111101100 1
111101011 1
111101010 1
111101001 1
111101000 1
111100111 1
111100110 1
111100101 1
111100100 1
111100011 1
111100010 1
111100001 1
111100000 1
111011111 1
111011110 1
111011101 1
111011100 1
111011011 1
111011010 1
111011001 1
111011000 1
111010111 1
111010110 1
111010101 1
111010100 1
111010011 1
111010010 1
111010001 1
111010000 1
111001111 1
111001110 1
111001101 1
111001100 1
111001011 1
111001010 1
111001001 1
111001000 1
111000111 1
111000110 1
111000101 1
111000100 1
111000011 1
111000010 1
111000001 1
111000000 1
110111111 1
110111110 1
110111101 1
110111100 1
110111011 1
110111010 1
110111001 1
110111000 1
110110111 1
110110110 1
110110101 1
110110100 1
110110011 1
110110010 1
110110001 1
110110000 1
110101111 1
110101110 1
110101101 1
110101100 1
110101011 1
110101010 1
110101001 1
110101000 1
110100111 1
110100110 1
110100101 1
110100100 1
110100011 1
110100010 1
110100001 1
110100000 1
110011111 1
110011110 1
110011101 1
110011100 1
110011011 1
110011010 1
110011001 1
110011000 1
110010111 1
110010110 1
110010101 1
110010100 1
110010011 1
110010010 1
110010001 1
110010000 1
110001111 1
110001110 1
110001101 1
110001100 1
110001011 1
110001010 1
110001001 1
110001000 1
110000111 1
110000110 1
110000101 1
110000100 1
110000011 1
110000010 1
110000001 1
110000000 1
101111111 1
101111110 1
101111101 1
101111100 1
101111011 1
101111010 1
101111001 1
101111000 1
101110111 1
101110110 1
101110101 1
101110100 1
101110011 1
101110010 1
101110001 1
101110000 1
101101111 1
101101110 1
101101101 1
101101100 1
101101011 1
101101010 1
101101001 1
101101000 1
101100111 1
101100110 1
101100101 1
101100100 1
101100011 1
101100010 1
101100001 1
101100000 1
101011111 1
101011110 1
101011101 1
101011100 1
101011011 1
101011010 1
101011001 1
101011000 1
101010111 1
101010110 1
101010101 1
101010100 1
101010011 1
101010010 1
101010001 1
101010000 1
101001111 1
101001110 1
101001101 1
101001100 0
101001011 1
101001010 1
101001001 1
101001000 1
101000111 1
101000110 1
101000101 1
101000100 0
101000011 1
101000010 1
101000001 1
101000000 0
100111111 1
100111110 1
100111101 1
100111100 1
100111011 1
100111010 1
100111001 1
100111000 1
100110111 1
100110110 1
100110101 1
100110100 1
100110011 1
100110010 1
100110001 1
100110000 1
100101111 1
100101110 1
100101101 1
100101100 1
100101011 1
100101010 1
100101001 1
100101000 1
100100111 1
100100110 1
100100101 1
100100100 1
100100011 1
100100010 1
100100001 1
100100000 1
100011111 1
100011110 1
100011101 1
100011100 1
100011011 1
100011010 1
100011001 1
100011000 1
100010111 1
100010110 1
100010101 1
100010100 1
100010011 1
100010010 1
100010001 1
100010000 1
100001111 1
100001110 1
100001101 1
100001100 1
100001011 1
100001010 1
100001001 1
100001000 1
100000111 1
100000110 1
100000101 1
100000100 1
100000011 1
100000010 1
100000001 1
100000000 1
011111111 1
011111110 1
011111101 1
011111100 1
011111011 1
011111010 1
011111001 1
011111000 1
011110111 1
011110110 1
011110101 1
011110100 1
011110011 1
011110010 1
011110001 1
011110000 1
011101111 1
011101110 1
011101101 1
011101100 1
011101011 1
011101010 1
011101001 1
011101000 1
011100111 1
011100110 1
011100101 1
011100100 1
011100011 1
011100010 1
011100001 1
011100000 1
011011111 1
011011110 1
011011101 1
011011100 1
011011011 1
011011010 1
011011001 1
011011000 1
011010111 1
011010110 1
011010101 1
011010100 1
011010011 1
011010010 1
011010001 1
011010000 1
011001111 1
011001110 1
011001101 1
011001100 1
011001011 1
011001010 1
011001001 1
011001000 1
011000111 1
011000110 1
011000101 1
011000100 1
011000011 1
011000010 1
011000001 1
011000000 1
010111111 1
010111110 1
010111101 1
010111100 1
010111011 1
010111010 1
010111001 1
010111000 1
010110111 1
010110110 1
010110101 1
010110100 1
010110011 1
010110010 1
010110001 1
010110000 1
010101111 1
010101110 1
010101101 1
010101100 1
010101011 1
010101010 1
010101001 1
010101000 1
010100111 1
010100110 1
010100101 1
010100100 1
010100011 1
010100010 1
010100001 1
010100000 1
010011111 1
010011110 1
010011101 1
010011100 1
010011011 1
010011010 1
010011001 1
010011000 1
010010111 1
010010110 1
010010101 1
010010100 1
010010011 1
010010010 1
010010001 1
010010000 1
010001111 1
010001110 1
010001101 1
010001100 1
010001011 1
010001010 1
010001001 1
010001000 1
010000111 1
010000110 1
010000101 1
010000100 1
010000011 1
010000010 1
010000001 1
010000000 1
001111111 1
001111110 1
001111101 1
001111100 1
001111011 1
001111010 1
001111001 1
001111000 1
001110111 1
001110110 1
001110101 1
001110100 1
001110011 1
001110010 1
001110001 1
001110000 1
001101111 1
001101110 1
001101101 1
001101100 1
001101011 1
001101010 1
001101001 1
001101000 1
001100111 1
001100110 1
001100101 1
001100100 1
001100011 1
001100010 1
001100001 1
001100000 1
001011111 1
001011110 1
001011101 1
001011100 1
001011011 1
001011010 1
001011001 1
001011000 1
001010111 1
001010110 1
001010101 1
001010100 1
001010011 1
001010010 1
001010001 1
001010000 1
001001111 1
001001110 1
001001101 1
001001100 0
001001011 1
001001010 1
001001001 1
001001000 1
001000111 1
001000110 1
001000101 1
001000100 0
001000011 1
001000010 1
001000001 1
001000000 0
000111111 1
000111110 1
000111101 1
000111100 1
000111011 1
000111010 1
000111001 1
000111000 1
000110111 1
000110110 1
000110101 1
000110100 1
000110011 1
000110010 1
000110001 1
000110000 1
000101111 1
000101110 1
000101101 1
000101100 1
000101011 1
000101010 1
000101001 1
000101000 1
000100111 1
000100110 1
000100101 1
000100100 1
000100011 1
000100010 1
000100001 1
000100000 1
000011111 1
000011110 1
000011101 1
000011100 1
000011011 1
000011010 1
000011001 1
000011000 1
000010111 1
000010110 1
000010101 1
000010100 1
000010011 1
000010010 1
000010001 1
000010000 1
000001111 1
000001110 1
000001101 1
000001100 0
000001011 1
000001010 1
000001001 1
000001000 1
000000111 1
000000110 1
000000101 1
000000100 0
000000011 1
000000010 1
000000001 1
000000000 0

# 37 IL10 
.n 37 1 41
1 1
0 0

# 38 CD4 
.n 38 4 27 32 36 38
1111 1
1110 1
1101 1
1100 1
1011 1
1010 1
1001 1
1000 1
0111 1
0110 1
0101 0
0100 0
0011 1
0010 1
0001 1
0000 0

# 39 CD8 
.n 39 5 27 32 36 39 42
11111 0
11110 0
11101 0
11100 0
11011 0
11010 1
11001 0
11000 1
10111 0
10110 0
10101 0
10100 0
10011 0
10010 1
10001 0
10000 1
01111 0
01110 0
01101 0
01100 0
01011 0
01010 1
01001 0
01000 1
00111 0
00110 0
00101 0
00100 0
00011 0
00010 1
00001 0
00000 0

# 40 IL4 
.n 40 2 6 41
11 0
10 0
01 1
00 0

# 41 GATA3 
.n 41 5 1 4 5 33 41
11111 0
11110 0
11101 0
11100 0
11011 0
11010 0
11001 0
11000 0
10111 0
10110 0
10101 0
10100 0
10011 0
10010 0
10001 0
10000 0
01111 0
01110 0
01101 0
01100 0
01011 0
01010 0
01001 0
01000 0
00111 0
00110 0
00101 1
00100 1
00011 0
00010 0
00001 1
00000 0

# 42 TCR 
.n 42 0

# 43 IL12 
.n 43 0

# 44 IL2 
.n 44 0

# 45 Dll1 
.n 45 0

# 46 IL23 
.n 46 0

# 47 IL18 
.n 47 0

# 48 IFNB 
.n 48 0

# 49 IL7 
.n 49 0

# 50 IL27 
.n 50 0

.e End of file
