.v 28

.l 1 FANCD1N
.l 2 FANCJBRCA1
.l 3 DSB
.l 4 CHK2
.l 5 PCNATLS
.l 6 CHKREC
.l 7 USP1
.l 8 BRCA1
.l 9 ssDNARPA
.l 10 MRN
.l 11 KU
.l 12 DNAPK
.l 13 FAN1
.l 14 ADD
.l 15 FAcore
.l 16 NHEJ
.l 17 MUS81
.l 18 RAD51
.l 19 ATR
.l 20 HRR
.l 21 FANCD2I
.l 22 CHK1
.l 23 FANCM
.l 24 H2AX
.l 25 ATM
.l 26 XPF
.l 27 ICL
.l 28 p53

# 1 FANCD1N 
.n 1 4 6 8 9 21
1111 1
1110 1
1101 0
1100 0
1011 0
1010 0
1001 0
1000 0
0111 1
0110 1
0101 0
0100 0
0011 1
0010 0
0001 0
0000 0

# 2 FANCJBRCA1 
.n 2 4 9 19 25 27
1111 1
1110 1
1101 1
1100 1
1011 1
1010 1
1001 0
1000 0
0111 1
0110 0
0101 1
0100 0
0011 1
0010 0
0001 0
0000 0

# 3 DSB 
.n 3 5 3 13 16 20 26
11111 0
11110 0
11101 0
11100 0
11011 0
11010 0
11001 1
11000 1
10111 0
10110 0
10101 0
10100 0
10011 0
10010 0
10001 1
10000 1
01111 0
01110 0
01101 0
01100 0
01011 0
01010 0
01001 1
01000 1
00111 0
00110 0
00101 0
00100 0
00011 0
00010 0
00001 1
00000 0

# 4 CHK2 
.n 4 4 6 12 19 25
1111 0
1110 0
1101 0
1100 0
1011 0
1010 0
1001 0
1000 0
0111 1
0110 1
0101 1
0100 1
0011 1
0010 1
0001 1
0000 0

# 5 PCNATLS 
.n 5 4 7 13 14 15
1111 0
1110 0
1101 0
1100 0
1011 0
1010 0
1001 0
1000 0
0111 0
0110 0
0101 0
0100 0
0011 1
0010 1
0001 0
0000 0

# 6 CHKREC 
.n 6 7 3 5 6 14 16 20 27
1111111 0
1111110 0
1111101 0
1111100 0
1111011 0
1111010 0
1111001 0
1111000 0
1110111 0
1110110 0
1110101 0
1110100 0
1110011 0
1110010 0
1110001 0
1110000 0
1101111 0
1101110 0
1101101 0
1101100 0
1101011 0
1101010 0
1101001 0
1101000 0
1100111 0
1100110 0
1100101 0
1100100 0
1100011 0
1100010 0
1100001 0
1100000 0
1011111 0
1011110 0
1011101 0
1011100 0
1011011 0
1011010 0
1011001 0
1011000 0
1010111 0
1010110 0
1010101 0
1010100 0
1010011 0
1010010 0
1010001 0
1010000 0
1001111 0
1001110 0
1001101 0
1001100 0
1001011 0
1001010 0
1001001 0
1001000 0
1000111 0
1000110 0
1000101 0
1000100 0
1000011 0
1000010 0
1000001 0
1000000 0
0111111 1
0111110 1
0111101 1
0111100 1
0111011 1
0111010 1
0111001 1
0111000 1
0110111 1
0110110 1
0110101 1
0110100 1
0110011 1
0110010 1
0110001 1
0110000 1
0101111 1
0101110 1
0101101 1
0101100 1
0101011 1
0101010 1
0101001 1
0101000 1
0100111 1
0100110 1
0100101 1
0100100 1
0100011 1
0100010 1
0100001 1
0100000 1
0011111 1
0011110 1
0011101 1
0011100 1
0011011 1
0011010 1
0011001 0
0011000 0
0010111 1
0010110 1
0010101 1
0010100 1
0010011 1
0010010 1
0010001 0
0010000 0
0001111 1
0001110 1
0001101 1
0001100 1
0001011 1
0001010 1
0001001 0
0001000 0
0000111 1
0000110 1
0000101 1
0000100 1
0000011 1
0000010 1
0000001 0
0000000 1

# 7 USP1 
.n 7 4 1 5 21 23
1111 0
1110 1
1101 0
1100 1
1011 0
1010 1
1001 0
1000 0
0111 0
0110 1
0101 0
0100 1
0011 0
0010 0
0001 0
0000 0

# 8 BRCA1 
.n 8 5 3 4 6 19 25
11111 0
11110 0
11101 0
11100 0
11011 1
11010 1
11001 1
11000 1
10111 0
10110 0
10101 0
10100 0
10011 1
10010 1
10001 1
10000 0
01111 0
01110 0
01101 0
01100 0
01011 0
01010 0
01001 0
01000 0
00111 0
00110 0
00101 0
00100 0
00011 0
00010 0
00001 0
00000 0

# 9 ssDNARPA 
.n 9 6 2 3 10 11 18 21
111111 0
111110 0
111101 0
111100 0
111011 0
111010 0
111001 1
111000 1
110111 0
110110 0
110101 0
110100 0
110011 0
110010 0
110001 1
110000 0
101111 0
101110 0
101101 0
101100 0
101011 0
101010 0
101001 0
101000 0
100111 0
100110 0
100101 0
100100 0
100011 0
100010 0
100001 0
100000 0
011111 0
011110 0
011101 0
011100 0
011011 0
011010 0
011001 1
011000 1
010111 0
010110 0
010101 0
010100 0
010011 0
010010 0
010001 0
010000 0
001111 0
001110 0
001101 0
001100 0
001011 0
001010 0
001001 0
001000 0
000111 0
000110 0
000101 0
000100 0
000011 0
000010 0
000001 0
000000 0

# 10 MRN 
.n 10 6 3 6 11 18 21 25
111111 0
111110 0
111101 0
111100 0
111011 0
111010 0
111001 0
111000 0
110111 0
110110 0
110101 0
110100 0
110011 0
110010 0
110001 0
110000 0
101111 0
101110 0
101101 0
101100 0
101011 0
101010 0
101001 1
101000 0
100111 0
100110 0
100101 0
100100 0
100011 1
100010 0
100001 1
100000 0
011111 0
011110 0
011101 0
011100 0
011011 0
011010 0
011001 0
011000 0
010111 0
010110 0
010101 0
010100 0
010011 0
010010 0
010001 0
010000 0
001111 0
001110 0
001101 0
001100 0
001011 0
001010 0
001001 0
001000 0
000111 0
000110 0
000101 0
000100 0
000011 0
000010 0
000001 0
000000 0

# 11 KU 
.n 11 4 3 6 10 21
1111 0
1110 0
1101 0
1100 0
1011 0
1010 0
1001 0
1000 1
0111 0
0110 0
0101 0
0100 0
0011 0
0010 0
0001 0
0000 0

# 12 DNAPK 
.n 12 3 3 6 11
111 0
110 0
101 1
100 0
011 0
010 0
001 0
000 0

# 13 FAN1 
.n 13 2 17 21
11 1
10 0
01 0
00 0

# 14 ADD 
.n 14 5 5 13 14 17 26
11111 0
11110 0
11101 0
11100 0
11011 0
11010 0
11001 0
11000 0
10111 0
10110 0
10101 0
10100 0
10011 0
10010 0
10001 0
10000 0
01111 1
01110 1
01101 1
01100 1
01011 1
01010 1
01001 0
01000 0
00111 1
00110 1
00101 1
00100 1
00011 1
00010 0
00001 0
00000 0

# 15 FAcore 
.n 15 4 6 19 23 25
1111 0
1110 0
1101 0
1100 0
1011 0
1010 0
1001 0
1000 0
0111 1
0110 1
0101 0
0100 0
0011 1
0010 0
0001 0
0000 0

# 16 NHEJ 
.n 16 9 2 3 6 9 11 12 19 25 26
111111111 0
111111110 0
111111101 1
111111100 1
111111011 1
111111010 1
111111001 1
111111000 1
111110111 0
111110110 0
111110101 0
111110100 0
111110011 0
111110010 0
111110001 0
111110000 0
111101111 0
111101110 0
111101101 0
111101100 0
111101011 0
111101010 0
111101001 0
111101000 0
111100111 0
111100110 0
111100101 0
111100100 0
111100011 0
111100010 0
111100001 0
111100000 0
111011111 0
111011110 0
111011101 1
111011100 1
111011011 1
111011010 1
111011001 1
111011000 1
111010111 0
111010110 0
111010101 0
111010100 0
111010011 0
111010010 0
111010001 0
111010000 0
111001111 0
111001110 0
111001101 0
111001100 0
111001011 0
111001010 0
111001001 0
111001000 0
111000111 0
111000110 0
111000101 0
111000100 0
111000011 0
111000010 0
111000001 0
111000000 0
110111111 0
110111110 0
110111101 1
110111100 1
110111011 1
110111010 1
110111001 1
110111000 1
110110111 0
110110110 0
110110101 0
110110100 0
110110011 0
110110010 0
110110001 0
110110000 0
110101111 0
110101110 0
110101101 0
110101100 0
110101011 0
110101010 0
110101001 0
110101000 0
110100111 0
110100110 0
110100101 0
110100100 0
110100011 0
110100010 0
110100001 0
110100000 0
110011111 1
110011110 0
110011101 1
110011100 1
110011011 1
110011010 1
110011001 1
110011000 1
110010111 0
110010110 0
110010101 0
110010100 0
110010011 0
110010010 0
110010001 0
110010000 0
110001111 1
110001110 0
110001101 1
110001100 0
110001011 1
110001010 0
110001001 1
110001000 0
110000111 0
110000110 0
110000101 0
110000100 0
110000011 0
110000010 0
110000001 0
110000000 0
101111111 0
101111110 0
101111101 0
101111100 0
101111011 0
101111010 0
101111001 0
101111000 0
101110111 0
101110110 0
101110101 0
101110100 0
101110011 0
101110010 0
101110001 0
101110000 0
101101111 0
101101110 0
101101101 0
101101100 0
101101011 0
101101010 0
101101001 0
101101000 0
101100111 0
101100110 0
101100101 0
101100100 0
101100011 0
101100010 0
101100001 0
101100000 0
101011111 0
101011110 0
101011101 0
101011100 0
101011011 0
101011010 0
101011001 0
101011000 0
101010111 0
101010110 0
101010101 0
101010100 0
101010011 0
101010010 0
101010001 0
101010000 0
101001111 0
101001110 0
101001101 0
101001100 0
101001011 0
101001010 0
101001001 0
101001000 0
101000111 0
101000110 0
101000101 0
101000100 0
101000011 0
101000010 0
101000001 0
101000000 0
100111111 0
100111110 0
100111101 0
100111100 0
100111011 0
100111010 0
100111001 0
100111000 0
100110111 0
100110110 0
100110101 0
100110100 0
100110011 0
100110010 0
100110001 0
100110000 0
100101111 0
100101110 0
100101101 0
100101100 0
100101011 0
100101010 0
100101001 0
100101000 0
100100111 0
100100110 0
100100101 0
100100100 0
100100011 0
100100010 0
100100001 0
100100000 0
100011111 0
100011110 0
100011101 0
100011100 0
100011011 0
100011010 0
100011001 0
100011000 0
100010111 0
100010110 0
100010101 0
100010100 0
100010011 0
100010010 0
100010001 0
100010000 0
100001111 0
100001110 0
100001101 0
100001100 0
100001011 0
100001010 0
100001001 0
100001000 0
100000111 0
100000110 0
100000101 0
100000100 0
100000011 0
100000010 0
100000001 0
100000000 0
011111111 0
011111110 0
011111101 1
011111100 1
011111011 1
011111010 1
011111001 1
011111000 1
011110111 0
011110110 0
011110101 0
011110100 0
011110011 0
011110010 0
011110001 0
011110000 0
011101111 0
011101110 0
011101101 0
011101100 0
011101011 0
011101010 0
011101001 0
011101000 0
011100111 0
011100110 0
011100101 0
011100100 0
011100011 0
011100010 0
011100001 0
011100000 0
011011111 0
011011110 0
011011101 1
011011100 1
011011011 1
011011010 1
011011001 1
011011000 1
011010111 0
011010110 0
011010101 0
011010100 0
011010011 0
011010010 0
011010001 0
011010000 0
011001111 0
011001110 0
011001101 0
011001100 0
011001011 0
011001010 0
011001001 0
011001000 0
011000111 0
011000110 0
011000101 0
011000100 0
011000011 0
011000010 0
011000001 0
011000000 0
010111111 1
010111110 0
010111101 1
010111100 1
010111011 1
010111010 1
010111001 1
010111000 1
010110111 0
010110110 0
010110101 0
010110100 0
010110011 0
010110010 0
010110001 0
010110000 0
010101111 1
010101110 0
010101101 1
010101100 0
010101011 1
010101010 0
010101001 1
010101000 0
010100111 0
010100110 0
010100101 0
010100100 0
010100011 0
010100010 0
010100001 0
010100000 0
010011111 1
010011110 0
010011101 1
010011100 1
010011011 1
010011010 1
010011001 1
010011000 1
010010111 0
010010110 0
010010101 0
010010100 0
010010011 0
010010010 0
010010001 0
010010000 0
010001111 1
010001110 0
010001101 1
010001100 0
010001011 1
010001010 0
010001001 1
010001000 0
010000111 0
010000110 0
010000101 0
010000100 0
010000011 0
010000010 0
010000001 0
010000000 0
001111111 0
001111110 0
001111101 0
001111100 0
001111011 0
001111010 0
001111001 0
001111000 0
001110111 0
001110110 0
001110101 0
001110100 0
001110011 0
001110010 0
001110001 0
001110000 0
001101111 0
001101110 0
001101101 0
001101100 0
001101011 0
001101010 0
001101001 0
001101000 0
001100111 0
001100110 0
001100101 0
001100100 0
001100011 0
001100010 0
001100001 0
001100000 0
001011111 0
001011110 0
001011101 0
001011100 0
001011011 0
001011010 0
001011001 0
001011000 0
001010111 0
001010110 0
001010101 0
001010100 0
001010011 0
001010010 0
001010001 0
001010000 0
001001111 0
001001110 0
001001101 0
001001100 0
001001011 0
001001010 0
001001001 0
001001000 0
001000111 0
001000110 0
001000101 0
001000100 0
001000011 0
001000010 0
001000001 0
001000000 0
000111111 0
000111110 0
000111101 0
000111100 0
000111011 0
000111010 0
000111001 0
000111000 0
000110111 0
000110110 0
000110101 0
000110100 0
000110011 0
000110010 0
000110001 0
000110000 0
000101111 0
000101110 0
000101101 0
000101100 0
000101011 0
000101010 0
000101001 0
000101000 0
000100111 0
000100110 0
000100101 0
000100100 0
000100011 0
000100010 0
000100001 0
000100000 0
000011111 0
000011110 0
000011101 0
000011100 0
000011011 0
000011010 0
000011001 0
000011000 0
000010111 0
000010110 0
000010101 0
000010100 0
000010011 0
000010010 0
000010001 0
000010000 0
000001111 0
000001110 0
000001101 0
000001100 0
000001011 0
000001010 0
000001001 0
000001000 0
000000111 0
000000110 0
000000101 0
000000100 0
000000011 0
000000010 0
000000001 0
000000000 0

# 17 MUS81 
.n 17 1 27
1 1
0 0

# 18 RAD51 
.n 18 3 1 6 9
111 0
110 0
101 1
100 0
011 0
010 0
001 0
000 0

# 19 ATR 
.n 19 4 6 9 23 25
1111 0
1110 0
1101 0
1100 0
1011 0
1010 0
1001 0
1000 0
0111 1
0110 1
0101 1
0100 1
0011 1
0010 1
0001 1
0000 0

# 20 HRR 
.n 20 5 1 3 6 8 18
11111 0
11110 0
11101 0
11100 0
11011 1
11010 0
11001 0
11000 0
10111 0
10110 0
10101 0
10100 0
10011 0
10010 0
10001 0
10000 0
01111 0
01110 0
01101 0
01100 0
01011 0
01010 0
01001 0
01000 0
00111 0
00110 0
00101 0
00100 0
00011 0
00010 0
00001 0
00000 0

# 21 FANCD2I 
.n 21 6 3 7 15 19 24 25
111111 0
111110 0
111101 0
111100 0
111011 0
111010 0
111001 0
111000 0
110111 0
110110 0
110101 0
110100 0
110011 0
110010 0
110001 0
110000 0
101111 1
101110 1
101101 1
101100 1
101011 1
101010 1
101001 1
101000 0
100111 0
100110 0
100101 0
100100 0
100011 0
100010 0
100001 0
100000 0
011111 0
011110 0
011101 0
011100 0
011011 0
011010 0
011001 0
011000 0
010111 0
010110 0
010101 0
010100 0
010011 0
010010 0
010001 0
010000 0
001111 1
001110 1
001101 1
001100 1
001011 1
001010 0
001001 1
001000 0
000111 0
000110 0
000101 0
000100 0
000011 0
000010 0
000001 0
000000 0

# 22 CHK1 
.n 22 4 6 12 19 25
1111 0
1110 0
1101 0
1100 0
1011 0
1010 0
1001 0
1000 0
0111 1
0110 1
0101 1
0100 1
0011 1
0010 1
0001 1
0000 0

# 23 FANCM 
.n 23 2 6 27
11 0
10 0
01 1
00 0

# 24 H2AX 
.n 24 5 3 6 12 19 25
11111 0
11110 0
11101 0
11100 0
11011 0
11010 0
11001 0
11000 0
10111 1
10110 1
10101 1
10100 1
10011 1
10010 1
10001 1
10000 0
01111 0
01110 0
01101 0
01100 0
01011 0
01010 0
01001 0
01000 0
00111 0
00110 0
00101 0
00100 0
00011 0
00010 0
00001 0
00000 0

# 25 ATM 
.n 25 3 3 6 19
111 0
110 0
101 1
100 1
011 0
010 0
001 1
000 0

# 26 XPF 
.n 26 6 13 15 17 21 23 28
111111 0
111110 0
111101 1
111100 1
111011 1
111010 0
111001 1
111000 1
110111 0
110110 0
110101 0
110100 0
110011 0
110010 0
110001 0
110000 0
101111 1
101110 0
101101 1
101100 1
101011 1
101010 0
101001 1
101000 1
100111 0
100110 0
100101 0
100100 0
100011 0
100010 0
100001 0
100000 0
011111 1
011110 0
011101 1
011100 1
011011 1
011010 0
011001 1
011000 1
010111 0
010110 0
010101 0
010100 0
010011 0
010010 0
010001 0
010000 0
001111 1
001110 0
001101 1
001100 1
001011 1
001010 0
001001 1
001000 1
000111 0
000110 0
000101 0
000100 0
000011 0
000010 0
000001 0
000000 0

# 27 ICL 
.n 27 2 3 27
11 0
10 0
01 1
00 0

# 28 p53 
.n 28 6 4 6 12 19 22 25
111111 0
111110 0
111101 0
111100 0
111011 0
111010 0
111001 0
111000 0
110111 0
110110 0
110101 0
110100 0
110011 0
110010 0
110001 0
110000 0
101111 1
101110 1
101101 1
101100 1
101011 1
101010 1
101001 1
101000 1
100111 1
100110 1
100101 1
100100 0
100011 1
100010 0
100001 1
100000 0
011111 0
011110 0
011101 0
011100 0
011011 0
011010 0
011001 0
011000 0
010111 0
010110 0
010101 0
010100 0
010011 0
010010 0
010001 0
010000 0
001111 1
001110 1
001101 1
001100 1
001011 1
001010 1
001001 1
001000 1
000111 1
000110 1
000101 0
000100 0
000011 0
000010 0
000001 0
000000 0

.e End of file
