.v 28

.l 1 ADD
.l 2 ATM
.l 3 ATR
.l 4 BRCA1
.l 5 CHK1
.l 6 CHK2
.l 7 CHKREC
.l 8 DNAPK
.l 9 DSB
.l 10 FAcore
.l 11 FAN1
.l 12 FANCD1N
.l 13 FANCD2I
.l 14 FANCJBRCA1
.l 15 FANCM
.l 16 H2AX
.l 17 HRR
.l 18 ICL
.l 19 KU
.l 20 MRN
.l 21 MUS81
.l 22 NHEJ
.l 23 p53
.l 24 PCNATLS
.l 25 RAD51
.l 26 ssDNARPA
.l 27 USP1
.l 28 XPF

# 1 ADD 
.n 1 5 1 11 21 24 28
00000 0
00001 0
00010 0
00011 0
00100 0
00101 1
00110 0
00111 0
01000 0
01001 0
01010 0
01011 0
01100 1
01101 1
01110 0
01111 0
10000 1
10001 1
10010 0
10011 0
10100 1
10101 1
10110 0
10111 0
11000 1
11001 1
11010 0
11011 0
11100 1
11101 1
11110 0
11111 0

# 2 ATM 
.n 2 3 3 7 9
000 0
001 1
010 0
011 0
100 1
101 1
110 0
111 0

# 3 ATR 
.n 3 4 2 7 15 26
0000 0
0001 1
0010 1
0011 1
0100 0
0101 0
0110 0
0111 0
1000 1
1001 1
1010 1
1011 1
1100 0
1101 0
1110 0
1111 0

# 4 BRCA1 
.n 4 5 2 3 6 7 9
00000 0
00001 0
00010 0
00011 0
00100 0
00101 1
00110 0
00111 0
01000 0
01001 1
01010 0
01011 0
01100 0
01101 1
01110 0
01111 0
10000 0
10001 1
10010 0
10011 0
10100 0
10101 1
10110 0
10111 0
11000 0
11001 1
11010 0
11011 0
11100 0
11101 1
11110 0
11111 0

# 5 CHK1 
.n 5 4 2 3 7 8
0000 0
0001 1
0010 0
0011 0
0100 1
0101 1
0110 0
0111 0
1000 1
1001 1
1010 0
1011 0
1100 1
1101 1
1110 0
1111 0

# 6 CHK2 
.n 6 4 2 3 7 8
0000 0
0001 1
0010 0
0011 0
0100 1
0101 1
0110 0
0111 0
1000 1
1001 1
1010 0
1011 0
1100 1
1101 1
1110 0
1111 0

# 7 CHKREC 
.n 7 7 1 7 9 17 18 22 24
0000000 1
0000001 1
0000010 1
0000011 1
0000100 0
0000101 1
0000110 1
0000111 1
0001000 1
0001001 1
0001010 1
0001011 1
0001100 1
0001101 1
0001110 1
0001111 1
0010000 0
0010001 0
0010010 0
0010011 0
0010100 0
0010101 0
0010110 0
0010111 0
0011000 0
0011001 0
0011010 0
0011011 0
0011100 0
0011101 0
0011110 0
0011111 0
0100000 0
0100001 1
0100010 1
0100011 1
0100100 0
0100101 1
0100110 1
0100111 1
0101000 1
0101001 1
0101010 1
0101011 1
0101100 1
0101101 1
0101110 1
0101111 1
0110000 0
0110001 0
0110010 0
0110011 0
0110100 0
0110101 0
0110110 0
0110111 0
0111000 0
0111001 0
0111010 0
0111011 0
0111100 0
0111101 0
0111110 0
0111111 0
1000000 0
1000001 1
1000010 1
1000011 1
1000100 0
1000101 1
1000110 1
1000111 1
1001000 1
1001001 1
1001010 1
1001011 1
1001100 1
1001101 1
1001110 1
1001111 1
1010000 0
1010001 0
1010010 0
1010011 0
1010100 0
1010101 0
1010110 0
1010111 0
1011000 0
1011001 0
1011010 0
1011011 0
1011100 0
1011101 0
1011110 0
1011111 0
1100000 0
1100001 1
1100010 1
1100011 1
1100100 0
1100101 1
1100110 1
1100111 1
1101000 1
1101001 1
1101010 1
1101011 1
1101100 1
1101101 1
1101110 1
1101111 1
1110000 0
1110001 0
1110010 0
1110011 0
1110100 0
1110101 0
1110110 0
1110111 0
1111000 0
1111001 0
1111010 0
1111011 0
1111100 0
1111101 0
1111110 0
1111111 0

# 8 DNAPK 
.n 8 3 7 9 19
000 0
001 0
010 0
011 1
100 0
101 0
110 0
111 0

# 9 DSB 
.n 9 5 9 11 17 22 28
00000 0
00001 1
00010 0
00011 0
00100 0
00101 0
00110 0
00111 0
01000 1
01001 1
01010 0
01011 0
01100 0
01101 0
01110 0
01111 0
10000 1
10001 1
10010 0
10011 0
10100 0
10101 0
10110 0
10111 0
11000 1
11001 1
11010 0
11011 0
11100 0
11101 0
11110 0
11111 0

# 10 FAcore 
.n 10 4 2 3 7 15
0000 0
0001 0
0010 0
0011 0
0100 0
0101 1
0110 0
0111 0
1000 0
1001 1
1010 0
1011 0
1100 0
1101 1
1110 0
1111 0

# 11 FAN1 
.n 11 2 13 21
00 0
01 0
10 0
11 1

# 12 FANCD1N 
.n 12 4 4 7 13 26
0000 0
0001 0
0010 0
0011 1
0100 0
0101 0
0110 0
0111 0
1000 0
1001 1
1010 0
1011 1
1100 0
1101 1
1110 0
1111 1

# 13 FANCD2I 
.n 13 6 2 3 9 10 16 27
000000 0
000001 0
000010 0
000011 0
000100 0
000101 0
000110 0
000111 0
001000 0
001001 0
001010 0
001011 0
001100 0
001101 0
001110 1
001111 0
010000 0
010001 0
010010 0
010011 0
010100 1
010101 0
010110 1
010111 0
011000 0
011001 0
011010 0
011011 0
011100 1
011101 0
011110 1
011111 0
100000 0
100001 0
100010 0
100011 0
100100 1
100101 0
100110 1
100111 0
101000 0
101001 0
101010 0
101011 0
101100 1
101101 0
101110 1
101111 0
110000 0
110001 0
110010 0
110011 0
110100 1
110101 0
110110 1
110111 0
111000 0
111001 0
111010 0
111011 0
111100 1
111101 0
111110 1
111111 0

# 14 FANCJBRCA1 
.n 14 4 2 3 18 26
0000 0
0001 0
0010 0
0011 0
0100 0
0101 1
0110 1
0111 1
1000 0
1001 1
1010 1
1011 1
1100 0
1101 1
1110 1
1111 1

# 15 FANCM 
.n 15 2 7 18
00 0
01 1
10 0
11 0

# 16 H2AX 
.n 16 5 2 3 7 8 9
00000 0
00001 0
00010 0
00011 1
00100 0
00101 0
00110 0
00111 0
01000 0
01001 1
01010 0
01011 1
01100 0
01101 0
01110 0
01111 0
10000 0
10001 1
10010 0
10011 1
10100 0
10101 0
10110 0
10111 0
11000 0
11001 1
11010 0
11011 1
11100 0
11101 0
11110 0
11111 0

# 17 HRR 
.n 17 5 4 7 9 12 25
00000 0
00001 0
00010 0
00011 0
00100 0
00101 0
00110 0
00111 0
01000 0
01001 0
01010 0
01011 0
01100 0
01101 0
01110 0
01111 0
10000 0
10001 0
10010 0
10011 0
10100 0
10101 0
10110 0
10111 1
11000 0
11001 0
11010 0
11011 0
11100 0
11101 0
11110 0
11111 0

# 18 ICL 
.n 18 2 9 18
00 0
01 1
10 0
11 0

# 19 KU 
.n 19 4 7 9 13 20
0000 0
0001 0
0010 0
0011 0
0100 1
0101 0
0110 0
0111 0
1000 0
1001 0
1010 0
1011 0
1100 0
1101 0
1110 0
1111 0

# 20 MRN 
.n 20 6 2 7 9 13 19 25
000000 0
000001 0
000010 0
000011 0
000100 0
000101 0
000110 0
000111 0
001000 0
001001 0
001010 0
001011 0
001100 0
001101 0
001110 0
001111 0
010000 0
010001 0
010010 0
010011 0
010100 0
010101 0
010110 0
010111 0
011000 0
011001 0
011010 0
011011 0
011100 0
011101 0
011110 0
011111 0
100000 0
100001 0
100010 0
100011 0
100100 0
100101 0
100110 0
100111 0
101000 1
101001 0
101010 1
101011 0
101100 1
101101 0
101110 0
101111 0
110000 0
110001 0
110010 0
110011 0
110100 0
110101 0
110110 0
110111 0
111000 0
111001 0
111010 0
111011 0
111100 0
111101 0
111110 0
111111 0

# 21 MUS81 
.n 21 1 18
0 0
1 1

# 22 NHEJ 
.n 22 9 2 3 7 8 9 14 19 28 26
000000000 0
000000001 0
000000010 0
000000011 0
000000100 0
000000101 0
000000110 0
000000111 0
000001000 0
000001001 0
000001010 0
000001011 0
000001100 0
000001101 0
000001110 0
000001111 0
000010000 0
000010001 0
000010010 0
000010011 0
000010100 0
000010101 0
000010110 0
000010111 0
000011000 0
000011001 0
000011010 0
000011011 0
000011100 0
000011101 0
000011110 0
000011111 0
000100000 0
000100001 0
000100010 0
000100011 0
000100100 0
000100101 0
000100110 0
000100111 0
000101000 0
000101001 0
000101010 0
000101011 0
000101100 0
000101101 0
000101110 0
000101111 0
000110000 0
000110001 0
000110010 1
000110011 1
000110100 1
000110101 1
000110110 1
000110111 1
000111000 0
000111001 0
000111010 1
000111011 0
000111100 1
000111101 1
000111110 1
000111111 1
001000000 0
001000001 0
001000010 0
001000011 0
001000100 0
001000101 0
001000110 0
001000111 0
001001000 0
001001001 0
001001010 0
001001011 0
001001100 0
001001101 0
001001110 0
001001111 0
001010000 0
001010001 0
001010010 0
001010011 0
001010100 0
001010101 0
001010110 0
001010111 0
001011000 0
001011001 0
001011010 0
001011011 0
001011100 0
001011101 0
001011110 0
001011111 0
001100000 0
001100001 0
001100010 0
001100011 0
001100100 0
001100101 0
001100110 0
001100111 0
001101000 0
001101001 0
001101010 0
001101011 0
001101100 0
001101101 0
001101110 0
001101111 0
001110000 0
001110001 0
001110010 0
001110011 0
001110100 1
001110101 1
001110110 1
001110111 1
001111000 0
001111001 0
001111010 0
001111011 0
001111100 1
001111101 1
001111110 1
001111111 1
010000000 0
010000001 0
010000010 0
010000011 0
010000100 0
010000101 0
010000110 0
010000111 0
010001000 0
010001001 0
010001010 0
010001011 0
010001100 0
010001101 0
010001110 0
010001111 0
010010000 0
010010001 0
010010010 0
010010011 0
010010100 0
010010101 0
010010110 0
010010111 0
010011000 0
010011001 0
010011010 0
010011011 0
010011100 0
010011101 0
010011110 0
010011111 0
010100000 0
010100001 0
010100010 0
010100011 0
010100100 0
010100101 0
010100110 0
010100111 0
010101000 0
010101001 0
010101010 0
010101011 0
010101100 0
010101101 0
010101110 0
010101111 0
010110000 0
010110001 0
010110010 1
010110011 1
010110100 1
010110101 1
010110110 1
010110111 1
010111000 0
010111001 0
010111010 1
010111011 0
010111100 1
010111101 1
010111110 1
010111111 1
011000000 0
011000001 0
011000010 0
011000011 0
011000100 0
011000101 0
011000110 0
011000111 0
011001000 0
011001001 0
011001010 0
011001011 0
011001100 0
011001101 0
011001110 0
011001111 0
011010000 0
011010001 0
011010010 0
011010011 0
011010100 0
011010101 0
011010110 0
011010111 0
011011000 0
011011001 0
011011010 0
011011011 0
011011100 0
011011101 0
011011110 0
011011111 0
011100000 0
011100001 0
011100010 0
011100011 0
011100100 0
011100101 0
011100110 0
011100111 0
011101000 0
011101001 0
011101010 0
011101011 0
011101100 0
011101101 0
011101110 0
011101111 0
011110000 0
011110001 0
011110010 0
011110011 0
011110100 1
011110101 1
011110110 1
011110111 1
011111000 0
011111001 0
011111010 0
011111011 0
011111100 1
011111101 1
011111110 1
011111111 1
100000000 0
100000001 0
100000010 0
100000011 0
100000100 0
100000101 0
100000110 0
100000111 0
100001000 0
100001001 0
100001010 0
100001011 0
100001100 0
100001101 0
100001110 0
100001111 0
100010000 0
100010001 0
100010010 0
100010011 0
100010100 0
100010101 0
100010110 0
100010111 0
100011000 0
100011001 0
100011010 0
100011011 0
100011100 0
100011101 0
100011110 0
100011111 0
100100000 0
100100001 0
100100010 0
100100011 0
100100100 0
100100101 0
100100110 0
100100111 0
100101000 0
100101001 0
100101010 0
100101011 0
100101100 0
100101101 0
100101110 0
100101111 0
100110000 0
100110001 0
100110010 1
100110011 1
100110100 1
100110101 1
100110110 1
100110111 1
100111000 0
100111001 0
100111010 1
100111011 0
100111100 1
100111101 1
100111110 1
100111111 1
101000000 0
101000001 0
101000010 0
101000011 0
101000100 0
101000101 0
101000110 0
101000111 0
101001000 0
101001001 0
101001010 0
101001011 0
101001100 0
101001101 0
101001110 0
101001111 0
101010000 0
101010001 0
101010010 0
101010011 0
101010100 0
101010101 0
101010110 0
101010111 0
101011000 0
101011001 0
101011010 0
101011011 0
101011100 0
101011101 0
101011110 0
101011111 0
101100000 0
101100001 0
101100010 0
101100011 0
101100100 0
101100101 0
101100110 0
101100111 0
101101000 0
101101001 0
101101010 0
101101011 0
101101100 0
101101101 0
101101110 0
101101111 0
101110000 0
101110001 0
101110010 0
101110011 0
101110100 1
101110101 1
101110110 1
101110111 1
101111000 0
101111001 0
101111010 0
101111011 0
101111100 1
101111101 1
101111110 1
101111111 1
110000000 0
110000001 0
110000010 0
110000011 0
110000100 0
110000101 0
110000110 0
110000111 0
110001000 0
110001001 0
110001010 0
110001011 0
110001100 0
110001101 0
110001110 0
110001111 0
110010000 0
110010001 0
110010010 0
110010011 0
110010100 0
110010101 0
110010110 0
110010111 0
110011000 0
110011001 0
110011010 0
110011011 0
110011100 0
110011101 0
110011110 0
110011111 0
110100000 0
110100001 0
110100010 0
110100011 0
110100100 0
110100101 0
110100110 0
110100111 0
110101000 0
110101001 0
110101010 0
110101011 0
110101100 0
110101101 0
110101110 0
110101111 0
110110000 0
110110001 0
110110010 1
110110011 1
110110100 0
110110101 0
110110110 1
110110111 1
110111000 0
110111001 0
110111010 1
110111011 0
110111100 0
110111101 0
110111110 1
110111111 0
111000000 0
111000001 0
111000010 0
111000011 0
111000100 0
111000101 0
111000110 0
111000111 0
111001000 0
111001001 0
111001010 0
111001011 0
111001100 0
111001101 0
111001110 0
111001111 0
111010000 0
111010001 0
111010010 0
111010011 0
111010100 0
111010101 0
111010110 0
111010111 0
111011000 0
111011001 0
111011010 0
111011011 0
111011100 0
111011101 0
111011110 0
111011111 0
111100000 0
111100001 0
111100010 0
111100011 0
111100100 0
111100101 0
111100110 0
111100111 0
111101000 0
111101001 0
111101010 0
111101011 0
111101100 0
111101101 0
111101110 0
111101111 0
111110000 0
111110001 0
111110010 0
111110011 0
111110100 0
111110101 0
111110110 0
111110111 0
111111000 0
111111001 0
111111010 0
111111011 0
111111100 0
111111101 0
111111110 0
111111111 0

# 23 p53 
.n 23 6 2 3 5 6 7 8
000000 0
000001 1
000010 0
000011 0
000100 0
000101 1
000110 0
000111 0
001000 0
001001 1
001010 0
001011 0
001100 0
001101 1
001110 0
001111 0
010000 0
010001 1
010010 0
010011 0
010100 0
010101 1
010110 0
010111 0
011000 1
011001 1
011010 0
011011 0
011100 1
011101 1
011110 0
011111 0
100000 0
100001 1
100010 0
100011 0
100100 1
100101 1
100110 0
100111 0
101000 0
101001 1
101010 0
101011 0
101100 1
101101 1
101110 0
101111 0
110000 0
110001 1
110010 0
110011 0
110100 1
110101 1
110110 0
110111 0
111000 1
111001 1
111010 0
111011 0
111100 1
111101 1
111110 0
111111 0

# 24 PCNATLS 
.n 24 4 1 11 10 27
0000 0
0001 0
0010 0
0011 0
0100 0
0101 0
0110 0
0111 0
1000 1
1001 0
1010 1
1011 0
1100 0
1101 0
1110 0
1111 0

# 25 RAD51 
.n 25 3 7 12 26
000 0
001 0
010 0
011 1
100 0
101 0
110 0
111 0

# 26 ssDNARPA 
.n 26 6 9 13 14 19 20 25
000000 0
000001 0
000010 0
000011 0
000100 0
000101 0
000110 0
000111 0
001000 0
001001 0
001010 0
001011 0
001100 0
001101 0
001110 0
001111 0
010000 0
010001 0
010010 0
010011 0
010100 0
010101 0
010110 0
010111 0
011000 0
011001 0
011010 0
011011 0
011100 0
011101 0
011110 0
011111 0
100000 0
100001 0
100010 1
100011 0
100100 0
100101 0
100110 0
100111 0
101000 0
101001 0
101010 1
101011 0
101100 0
101101 0
101110 0
101111 0
110000 0
110001 0
110010 1
110011 0
110100 0
110101 0
110110 0
110111 0
111000 1
111001 0
111010 1
111011 0
111100 0
111101 0
111110 0
111111 0

# 27 USP1 
.n 27 4 12 13 15 24
0000 0
0001 1
0010 0
0011 0
0100 0
0101 1
0110 0
0111 0
1000 0
1001 1
1010 0
1011 0
1100 1
1101 1
1110 0
1111 0

# 28 XPF 
.n 28 6 11 13 15 10 21 23
000000 0
000001 0
000010 1
000011 1
000100 0
000101 0
000110 1
000111 1
001000 0
001001 0
001010 0
001011 1
001100 0
001101 0
001110 0
001111 1
010000 0
010001 0
010010 1
010011 1
010100 0
010101 0
010110 1
010111 1
011000 0
011001 0
011010 0
011011 1
011100 0
011101 0
011110 0
011111 1
100000 0
100001 0
100010 1
100011 1
100100 0
100101 0
100110 1
100111 1
101000 0
101001 0
101010 0
101011 1
101100 0
101101 0
101110 0
101111 1
110000 0
110001 0
110010 1
110011 1
110100 0
110101 0
110110 1
110111 1
111000 0
111001 0
111010 0
111011 1
111100 0
111101 0
111110 0
111111 0

.e End of file
