.v 15

.l 1 FAHRR
.l 2 ATR
.l 3 NUC2
.l 4 DSB
.l 5 NHEJ
.l 6 TLS
.l 7 p53
.l 8 CHKREC
.l 9 FAcore
.l 10 NUC1
.l 11 FANCD2I
.l 12 ATM
.l 13 ADD
.l 14 ICL
.l 15 HRR2

# 1 FAHRR 
.n 1 4 4 5 8 11
1111 0
1110 0
1101 1
1100 0
1011 1
1010 0
1001 1
1000 0
0111 0
0110 0
0101 0
0100 0
0011 0
0010 0
0001 0
0000 0

# 2 ATR 
.n 2 3 8 12 14
111 0
110 0
101 0
100 0
011 1
010 1
001 1
000 0

# 3 NUC2 
.n 3 7 2 7 9 10 11 12 14
1111111 0
1111110 0
1111101 0
1111100 0
1111011 1
1111010 0
1111001 1
1111000 0
1110111 0
1110110 0
1110101 0
1110100 0
1110011 1
1110010 0
1110001 1
1110000 0
1101111 1
1101110 0
1101101 1
1101100 0
1101011 1
1101010 0
1101001 1
1101000 0
1100111 1
1100110 0
1100101 1
1100100 0
1100011 1
1100010 0
1100001 1
1100000 0
1011111 0
1011110 0
1011101 0
1011100 0
1011011 1
1011010 0
1011001 1
1011000 0
1010111 0
1010110 0
1010101 0
1010100 0
1010011 1
1010010 0
1010001 1
1010000 0
1001111 1
1001110 0
1001101 1
1001100 0
1001011 1
1001010 0
1001001 1
1001000 0
1000111 1
1000110 0
1000101 1
1000100 0
1000011 1
1000010 0
1000001 1
1000000 0
0111111 0
0111110 0
0111101 0
0111100 0
0111011 1
0111010 0
0111001 1
0111000 0
0110111 0
0110110 0
0110101 0
0110100 0
0110011 1
0110010 0
0110001 0
0110000 0
0101111 1
0101110 0
0101101 1
0101100 0
0101011 1
0101010 0
0101001 1
0101000 0
0100111 1
0100110 0
0100101 0
0100100 0
0100011 1
0100010 0
0100001 0
0100000 0
0011111 0
0011110 0
0011101 0
0011100 0
0011011 1
0011010 0
0011001 0
0011000 0
0010111 0
0010110 0
0010101 0
0010100 0
0010011 1
0010010 0
0010001 0
0010000 0
0001111 1
0001110 0
0001101 0
0001100 0
0001011 1
0001010 0
0001001 0
0001000 0
0000111 1
0000110 0
0000101 0
0000100 0
0000011 1
0000010 0
0000001 0
0000000 0

# 4 DSB 
.n 4 5 1 3 5 10 15
11111 0
11110 0
11101 0
11100 0
11011 0
11010 0
11001 0
11000 0
10111 0
10110 0
10101 0
10100 0
10011 0
10010 0
10001 0
10000 0
01111 0
01110 0
01101 0
01100 0
01011 0
01010 1
01001 0
01000 1
00111 0
00110 0
00101 0
00100 0
00011 0
00010 1
00001 0
00000 0

# 5 NHEJ 
.n 5 5 1 3 4 8 15
11111 0
11110 0
11101 0
11100 0
11011 0
11010 0
11001 0
11000 0
10111 0
10110 0
10101 0
10100 0
10011 0
10010 0
10001 0
10000 0
01111 0
01110 0
01101 0
01100 1
01011 0
01010 0
01001 0
01000 0
00111 0
00110 0
00101 0
00100 0
00011 0
00010 0
00001 0
00000 0

# 6 TLS 
.n 6 3 8 9 13
111 0
110 0
101 0
100 0
011 1
010 0
001 1
000 0

# 7 p53 
.n 7 4 2 5 8 12
1111 0
1110 0
1101 1
1100 1
1011 0
1010 0
1001 1
1000 1
0111 0
0110 0
0101 1
0100 1
0011 0
0010 0
0001 1
0000 0

# 8 CHKREC 
.n 8 8 1 4 5 6 8 13 14 15
11111111 0
11111110 0
11111101 0
11111100 0
11111011 0
11111010 0
11111001 0
11111000 0
11110111 0
11110110 0
11110101 0
11110100 0
11110011 0
11110010 0
11110001 0
11110000 0
11101111 0
11101110 0
11101101 0
11101100 0
11101011 0
11101010 0
11101001 0
11101000 0
11100111 0
11100110 0
11100101 0
11100100 0
11100011 0
11100010 0
11100001 0
11100000 0
11011111 0
11011110 0
11011101 0
11011100 0
11011011 0
11011010 0
11011001 0
11011000 0
11010111 0
11010110 0
11010101 0
11010100 0
11010011 0
11010010 0
11010001 0
11010000 0
11001111 0
11001110 0
11001101 0
11001100 0
11001011 0
11001010 0
11001001 0
11001000 0
11000111 0
11000110 0
11000101 0
11000100 0
11000011 0
11000010 0
11000001 0
11000000 0
10111111 1
10111110 1
10111101 1
10111100 1
10111011 1
10111010 1
10111001 1
10111000 1
10110111 1
10110110 1
10110101 1
10110100 1
10110011 1
10110010 1
10110001 1
10110000 1
10101111 1
10101110 1
10101101 1
10101100 1
10101011 1
10101010 1
10101001 1
10101000 1
10100111 1
10100110 1
10100101 1
10100100 1
10100011 1
10100010 1
10100001 1
10100000 1
10011111 1
10011110 1
10011101 1
10011100 1
10011011 1
10011010 1
10011001 1
10011000 1
10010111 1
10010110 1
10010101 1
10010100 1
10010011 1
10010010 1
10010001 1
10010000 1
10001111 1
10001110 1
10001101 1
10001100 1
10001011 1
10001010 1
10001001 1
10001000 1
10000111 1
10000110 1
10000101 1
10000100 1
10000011 1
10000010 1
10000001 1
10000000 1
01111111 0
01111110 0
01111101 0
01111100 0
01111011 0
01111010 0
01111001 0
01111000 0
01110111 0
01110110 0
01110101 0
01110100 0
01110011 0
01110010 0
01110001 0
01110000 0
01101111 0
01101110 0
01101101 0
01101100 0
01101011 0
01101010 0
01101001 0
01101000 0
01100111 0
01100110 0
01100101 0
01100100 0
01100011 0
01100010 0
01100001 0
01100000 0
01011111 0
01011110 0
01011101 0
01011100 0
01011011 0
01011010 0
01011001 0
01011000 0
01010111 0
01010110 0
01010101 0
01010100 0
01010011 0
01010010 0
01010001 0
01010000 0
01001111 0
01001110 0
01001101 0
01001100 0
01001011 0
01001010 0
01001001 0
01001000 0
01000111 0
01000110 0
01000101 0
01000100 0
01000011 0
01000010 0
01000001 0
01000000 0
00111111 1
00111110 1
00111101 1
00111100 1
00111011 1
00111010 1
00111001 1
00111000 1
00110111 1
00110110 1
00110101 1
00110100 1
00110011 1
00110010 1
00110001 1
00110000 1
00101111 1
00101110 1
00101101 1
00101100 1
00101011 1
00101010 1
00101001 1
00101000 1
00100111 1
00100110 1
00100101 1
00100100 1
00100011 1
00100010 1
00100001 1
00100000 1
00011111 1
00011110 1
00011101 1
00011100 1
00011011 1
00011010 1
00011001 1
00011000 1
00010111 1
00010110 1
00010101 1
00010100 1
00010011 1
00010010 1
00010001 1
00010000 1
00001111 1
00001110 0
00001101 1
00001100 0
00001011 1
00001010 0
00001001 1
00001000 0
00000111 1
00000110 0
00000101 1
00000100 0
00000011 1
00000010 0
00000001 1
00000000 1

# 9 FAcore 
.n 9 4 2 8 12 14
1111 0
1110 0
1101 0
1100 0
1011 1
1010 0
1001 1
1000 0
0111 0
0110 0
0101 0
0100 0
0011 1
0010 0
0001 0
0000 0

# 10 NUC1 
.n 10 2 11 14
11 1
10 0
01 0
00 0

# 11 FANCD2I 
.n 11 5 2 4 8 9 12
11111 0
11110 0
11101 0
11100 0
11011 1
11010 1
11001 0
11000 0
10111 0
10110 0
10101 0
10100 0
10011 1
10010 1
10001 0
10000 0
01111 0
01110 0
01101 0
01100 0
01011 1
01010 0
01001 0
01000 0
00111 0
00110 0
00101 0
00100 0
00011 1
00010 0
00001 0
00000 0

# 12 ATM 
.n 12 4 2 4 8 9
1111 0
1110 0
1101 0
1100 1
1011 0
1010 0
1001 0
1000 1
0111 0
0110 0
0101 0
0100 1
0011 0
0010 0
0001 0
0000 0

# 13 ADD 
.n 13 3 3 6 10
111 0
110 0
101 1
100 1
011 0
010 0
001 1
000 0

# 14 ICL 
.n 14 2 4 14
11 0
10 0
01 1
00 0

# 15 HRR2 
.n 15 7 1 3 4 5 6 8 14
1111111 0
1111110 0
1111101 0
1111100 0
1111011 0
1111010 0
1111001 0
1111000 0
1110111 0
1110110 0
1110101 0
1110100 0
1110011 0
1110010 0
1110001 0
1110000 0
1101111 0
1101110 0
1101101 0
1101100 0
1101011 0
1101010 0
1101001 0
1101000 0
1100111 0
1100110 0
1100101 0
1100100 0
1100011 0
1100010 0
1100001 0
1100000 0
1011111 0
1011110 0
1011101 0
1011100 0
1011011 0
1011010 0
1011001 0
1011000 0
1010111 0
1010110 0
1010101 0
1010100 0
1010011 0
1010010 0
1010001 0
1010000 0
1001111 0
1001110 0
1001101 0
1001100 0
1001011 0
1001010 0
1001001 0
1001000 0
1000111 0
1000110 0
1000101 0
1000100 0
1000011 0
1000010 0
1000001 0
1000000 0
0111111 0
0111110 0
0111101 1
0111100 0
0111011 0
0111010 0
0111001 1
0111000 0
0110111 0
0110110 0
0110101 1
0110100 1
0110011 0
0110010 0
0110001 0
0110000 0
0101111 0
0101110 0
0101101 0
0101100 0
0101011 0
0101010 0
0101001 0
0101000 0
0100111 0
0100110 0
0100101 0
0100100 0
0100011 0
0100010 0
0100001 0
0100000 0
0011111 0
0011110 0
0011101 0
0011100 0
0011011 0
0011010 0
0011001 0
0011000 0
0010111 0
0010110 0
0010101 0
0010100 0
0010011 0
0010010 0
0010001 0
0010000 0
0001111 0
0001110 0
0001101 0
0001100 0
0001011 0
0001010 0
0001001 0
0001000 0
0000111 0
0000110 0
0000101 0
0000100 0
0000011 0
0000010 0
0000001 0
0000000 0

.e End of file
