.v 73

.l 1 MIG3
.l 2 MLS1
.l 3 Gal2p
.l 4 SCF_grr1
.l 5 MTH1
.l 6 maltose_int
.l 7 SUC2
.l 8 HXT4
.l 9 ACS1
.l 10 PCK1
.l 11 Yck1p
.l 12 HXT8
.l 13 Snf1p
.l 14 Rgt1p
.l 15 Snf3p
.l 16 MalRp
.l 17 IDP2
.l 18 SFC1
.l 19 GAL7
.l 20 Glc7Reg1
.l 21 MalTp
.l 22 GAL4
.l 23 HXT3
.l 24 4ORFs
.l 25 SIP4
.l 26 Mig3p
.l 27 Sip4p
.l 28 MEL1
.l 29 GAL1
.l 30 MALR
.l 31 Mth1p
.l 32 CAT8
.l 33 Gal11p
.l 34 Cat8p
.l 35 ICL1
.l 36 JEN1
.l 37 GAL10
.l 38 Rgt2p
.l 39 GAL3
.l 40 MDH2
.l 41 Gal4p
.l 42 MIG2
.l 43 MALS
.l 44 Gal3p
.l 45 Mig2p
.l 46 HXT2
.l 47 HXT1
.l 48 Std1p
.l 49 Mig1p
.l 50 galactose_int
.l 51 GAL5
.l 52 Gal1p
.l 53 FBP1
.l 54 HXT5
.l 55 Gal80p
.l 56 GAL2
.l 57 SNF4
.l 58 maltose_ext
.l 59 STD1
.l 60 RGT2
.l 61 MIG1
.l 62 REG1
.l 63 SNF3
.l 64 GLC7
.l 65 GAL80
.l 66 MALT
.l 67 glucose_ext
.l 68 YCK1_2
.l 69 galactose_ext
.l 70 GRR1
.l 71 RGT1
.l 72 SNF1
.l 73 GAL11

# 1 MIG3 
.n 1 1 14
1 0
0 1

# 2 MLS1 
.n 2 2 27 34
11 1
10 1
01 1
00 0

# 3 Gal2p 
.n 3 1 56
1 1
0 0

# 4 SCF_grr1 
.n 4 1 70
1 1
0 0

# 5 MTH1 
.n 5 2 45 49
11 0
10 1
01 1
00 1

# 6 maltose_int 
.n 6 2 21 58
11 1
10 0
01 0
00 0

# 7 SUC2 
.n 7 2 45 49
11 0
10 0
01 0
00 1

# 8 HXT4 
.n 8 3 14 31 49
111 0
110 0
101 0
100 1
011 0
010 1
001 0
000 1

# 9 ACS1 
.n 9 1 34
1 1
0 0

# 10 PCK1 
.n 10 1 34
1 1
0 0

# 11 Yck1p 
.n 11 1 68
1 1
0 0

# 12 HXT8 
.n 12 1 14
1 0
0 1

# 13 Snf1p 
.n 13 3 20 57 72
111 0
110 0
101 0
100 0
011 1
010 0
001 0
000 0

# 14 Rgt1p 
.n 14 3 31 48 71
111 1
110 0
101 1
100 0
011 1
010 0
001 0
000 0

# 15 Snf3p 
.n 15 2 63 67
11 1
10 0
01 0
00 0

# 16 MalRp 
.n 16 2 6 30
11 1
10 0
01 0
00 0

# 17 IDP2 
.n 17 1 34
1 1
0 0

# 18 SFC1 
.n 18 1 34
1 1
0 0

# 19 GAL7 
.n 19 1 22
1 1
0 0

# 20 Glc7Reg1 
.n 20 3 62 64 67
111 1
110 0
101 0
100 0
011 0
010 0
001 0
000 0

# 21 MalTp 
.n 21 1 66
1 1
0 0

# 22 GAL4 
.n 22 1 49
1 0
0 1

# 23 HXT3 
.n 23 2 14 31
11 0
10 1
01 1
00 1

# 24 4ORFs 
.n 24 1 71
1 0
0 1

# 25 SIP4 
.n 25 1 34
1 1
0 0

# 26 Mig3p 
.n 26 2 1 13
11 0
10 1
01 0
00 0

# 27 Sip4p 
.n 27 2 13 25
11 1
10 0
01 0
00 0

# 28 MEL1 
.n 28 2 41 49
11 1
10 1
01 0
00 1

# 29 GAL1 
.n 29 2 41 49
11 0
10 1
01 0
00 0

# 30 MALR 
.n 30 1 49
1 0
0 1

# 31 Mth1p 
.n 31 5 4 5 11 15 38
11111 0
11110 0
11101 0
11100 1
11011 1
11010 1
11001 1
11000 1
10111 0
10110 0
10101 0
10100 0
10011 0
10010 0
10001 0
10000 0
01111 1
01110 1
01101 1
01100 1
01011 1
01010 1
01001 1
01000 1
00111 0
00110 0
00101 0
00100 0
00011 0
00010 0
00001 0
00000 0

# 32 CAT8 
.n 32 1 49
1 0
0 1

# 33 Gal11p 
.n 33 1 73
1 1
0 0

# 34 Cat8p 
.n 34 2 13 32
11 1
10 0
01 0
00 0

# 35 ICL1 
.n 35 2 27 34
11 1
10 1
01 1
00 0

# 36 JEN1 
.n 36 1 34
1 1
0 0

# 37 GAL10 
.n 37 1 22
1 1
0 0

# 38 Rgt2p 
.n 38 2 60 67
11 1
10 0
01 0
00 0

# 39 GAL3 
.n 39 1 49
1 0
0 1

# 40 MDH2 
.n 40 2 27 34
11 1
10 1
01 1
00 0

# 41 Gal4p 
.n 41 2 22 55
11 0
10 1
01 0
00 0

# 42 MIG2 
.n 42 1 14
1 0
0 1

# 43 MALS 
.n 43 2 16 49
11 0
10 1
01 0
00 0

# 44 Gal3p 
.n 44 2 39 50
11 1
10 0
01 0
00 0

# 45 Mig2p 
.n 45 1 42
1 1
0 0

# 46 HXT2 
.n 46 2 14 49
11 0
10 0
01 0
00 1

# 47 HXT1 
.n 47 3 14 31 48
111 0
110 0
101 0
100 1
011 1
010 1
001 1
000 1

# 48 Std1p 
.n 48 5 4 11 15 38 59
11111 0
11110 0
11101 0
11100 0
11011 0
11010 0
11001 1
11000 0
10111 1
10110 0
10101 1
10100 0
10011 1
10010 0
10001 1
10000 0
01111 1
01110 0
01101 1
01100 0
01011 1
01010 0
01001 1
01000 0
00111 1
00110 0
00101 1
00100 0
00011 1
00010 0
00001 1
00000 0

# 49 Mig1p 
.n 49 2 13 61
11 0
10 0
01 1
00 0

# 50 galactose_int 
.n 50 2 3 69
11 1
10 0
01 0
00 0

# 51 GAL5 
.n 51 1 41
1 1
0 0

# 52 Gal1p 
.n 52 1 29
1 1
0 0

# 53 FBP1 
.n 53 2 27 34
11 1
10 1
01 1
00 0

# 54 HXT5 
.n 54 1 14
1 0
0 1

# 55 Gal80p 
.n 55 3 44 52 65
111 0
110 0
101 0
100 0
011 0
010 0
001 1
000 0

# 56 GAL2 
.n 56 0

# 57 SNF4 
.n 57 0

# 58 maltose_ext 
.n 58 0

# 59 STD1 
.n 59 0

# 60 RGT2 
.n 60 0

# 61 MIG1 
.n 61 0

# 62 REG1 
.n 62 0

# 63 SNF3 
.n 63 0

# 64 GLC7 
.n 64 0

# 65 GAL80 
.n 65 0

# 66 MALT 
.n 66 0

# 67 glucose_ext 
.n 67 0

# 68 YCK1_2 
.n 68 0

# 69 galactose_ext 
.n 69 0

# 70 GRR1 
.n 70 0

# 71 RGT1 
.n 71 0

# 72 SNF1 
.n 72 0

# 73 GAL11 
.n 73 0

.e End of file
