.v 73

.l 1 4ORFs
.l 2 ACS1
.l 3 CAT8
.l 4 Cat8p
.l 5 FBP1
.l 6 GAL1
.l 7 GAL10
.l 8 Gal11p
.l 9 Gal1p
.l 10 GAL2
.l 11 Gal2p
.l 12 GAL3
.l 13 Gal3p
.l 14 GAL4
.l 15 Gal4p
.l 16 GAL5
.l 17 GAL7
.l 18 GAL80
.l 19 Gal80p
.l 20 galactose_int
.l 21 Glc7Reg1
.l 22 HXT1
.l 23 HXT2
.l 24 HXT3
.l 25 HXT4
.l 26 HXT5
.l 27 HXT8
.l 28 ICL1
.l 29 IDP2
.l 30 JEN1
.l 31 MALR
.l 32 MalRp
.l 33 MALS
.l 34 MALT
.l 35 maltose_int
.l 36 MalTp
.l 37 MDH2
.l 38 MEL1
.l 39 MIG1
.l 40 Mig1p
.l 41 MIG2
.l 42 Mig2p
.l 43 MIG3
.l 44 Mig3p
.l 45 MLS1
.l 46 MTH1
.l 47 Mth1p
.l 48 PCK1
.l 49 Rgt1p
.l 50 Rgt2p
.l 51 SCF_grr1
.l 52 SFC1
.l 53 SIP4
.l 54 Sip4p
.l 55 Snf1p
.l 56 SNF3
.l 57 Snf3p
.l 58 STD1
.l 59 Std1p
.l 60 SUC2
.l 61 Yck1p
.l 62 RGT1
.l 63 GAL11
.l 64 glucose_ext
.l 65 galactose_ext
.l 66 GLC7
.l 67 REG1
.l 68 maltose_ext
.l 69 RGT2
.l 70 GRR1
.l 71 SNF1
.l 72 SNF4
.l 73 YCK1_2

# 1 4ORFs 
.n 1 1 62
0 1
1 0

# 2 ACS1 
.n 2 1 4
0 0
1 1

# 3 CAT8 
.n 3 1 40
0 1
1 0

# 4 Cat8p 
.n 4 2 3 55
00 0
01 1
10 1
11 1

# 5 FBP1 
.n 5 2 4 54
00 0
01 1
10 1
11 1

# 6 GAL1 
.n 6 3 8 15 40
000 0
001 0
010 1
011 0
100 1
101 1
110 1
111 1

# 7 GAL10 
.n 7 1 14
0 0
1 1

# 8 Gal11p 
.n 8 1 63
0 0
1 1

# 9 Gal1p 
.n 9 1 6
0 0
1 1

# 10 GAL2 
.n 10 2 8 15
00 0
01 1
10 1
11 1

# 11 Gal2p 
.n 11 2 10 64
00 0
01 0
10 1
11 1

# 12 GAL3 
.n 12 2 15 40
00 0
01 0
10 1
11 1

# 13 Gal3p 
.n 13 2 12 20
00 0
01 1
10 1
11 1

# 14 GAL4 
.n 14 1 40
0 1
1 0

# 15 Gal4p 
.n 15 2 14 19
00 0
01 0
10 1
11 0

# 16 GAL5 
.n 16 1 15
0 0
1 1

# 17 GAL7 
.n 17 1 14
0 0
1 1

# 18 GAL80 
.n 18 1 15
0 0
1 1

# 19 Gal80p 
.n 19 3 18 9 13
000 0
001 0
010 0
011 0
100 1
101 0
110 0
111 0

# 20 galactose_int 
.n 20 2 11 65
00 0
01 1
10 1
11 1

# 21 Glc7Reg1 
.n 21 3 66 67 64
000 0
001 1
010 1
011 1
100 1
101 1
110 1
111 1

# 22 HXT1 
.n 22 3 47 49 59
000 1
001 0
010 0
011 0
100 0
101 0
110 0
111 0

# 23 HXT2 
.n 23 2 47 49
00 1
01 0
10 0
11 0

# 24 HXT3 
.n 24 2 47 49
00 1
01 0
10 0
11 0

# 25 HXT4 
.n 25 3 40 47 49
000 0
001 0
010 0
011 0
100 0
101 1
110 1
111 1

# 26 HXT5 
.n 26 1 49
0 1
1 0

# 27 HXT8 
.n 27 1 49
0 1
1 0

# 28 ICL1 
.n 28 2 4 54
00 0
01 1
10 1
11 1

# 29 IDP2 
.n 29 1 4
0 0
1 1

# 30 JEN1 
.n 30 1 4
0 0
1 1

# 31 MALR 
.n 31 1 40
0 1
1 0

# 32 MalRp 
.n 32 2 31 35
00 0
01 1
10 1
11 1

# 33 MALS 
.n 33 2 32 40
00 0
01 0
10 1
11 0

# 34 MALT 
.n 34 2 32 40
00 0
01 0
10 1
11 0

# 35 maltose_int 
.n 35 2 36 68
00 0
01 1
10 1
11 1

# 36 MalTp 
.n 36 2 34 64
00 0
01 0
10 1
11 1

# 37 MDH2 
.n 37 2 4 54
00 0
01 1
10 1
11 1

# 38 MEL1 
.n 38 2 15 40
00 0
01 0
10 1
11 0

# 39 MIG1 
.n 39 2 42 44
00 1
01 0
10 0
11 0

# 40 Mig1p 
.n 40 2 39 55
00 0
01 0
10 1
11 0

# 41 MIG2 
.n 41 1 49
0 1
1 0

# 42 Mig2p 
.n 42 1 41
0 0
1 1

# 43 MIG3 
.n 43 1 49
0 1
1 0

# 44 Mig3p 
.n 44 2 43 55
00 0
01 0
10 1
11 0

# 45 MLS1 
.n 45 2 4 54
00 0
01 1
10 1
11 1

# 46 MTH1 
.n 46 5 15 40 42 44 49
00000 0
00001 0
00010 0
00011 0
00100 0
00101 0
00110 0
00111 0
01000 0
01001 0
01010 0
01011 0
01100 0
01101 0
01110 0
01111 0
10000 1
10001 1
10010 1
10011 1
10100 1
10101 1
10110 1
10111 1
11000 1
11001 1
11010 1
11011 1
11100 1
11101 1
11110 1
11111 1

# 47 Mth1p 
.n 47 5 46 50 51 57 61
00000 0
00001 0
00010 0
00011 0
00100 0
00101 0
00110 0
00111 0
01000 0
01001 0
01010 0
01011 0
01100 0
01101 0
01110 0
01111 0
10000 1
10001 0
10010 1
10011 0
10100 0
10101 0
10110 0
10111 0
11000 1
11001 0
11010 0
11011 0
11100 0
11101 0
11110 0
11111 0

# 48 PCK1 
.n 48 1 4
0 0
1 1

# 49 Rgt1p 
.n 49 3 47 62 59
000 0
001 0
010 0
011 1
100 0
101 0
110 1
111 1

# 50 Rgt2p 
.n 50 2 69 64
00 0
01 1
10 1
11 1

# 51 SCF_grr1 
.n 51 1 70
0 0
1 1

# 52 SFC1 
.n 52 1 4
0 0
1 1

# 53 SIP4 
.n 53 1 4
0 0
1 1

# 54 Sip4p 
.n 54 2 53 55
00 0
01 1
10 1
11 1

# 55 Snf1p 
.n 55 3 21 71 72
000 0
001 1
010 1
011 1
100 0
101 0
110 0
111 0

# 56 SNF3 
.n 56 3 40 42 44
000 1
001 0
010 0
011 0
100 0
101 0
110 0
111 0

# 57 Snf3p 
.n 57 2 56 64
00 0
01 1
10 1
11 1

# 58 STD1 
.n 58 1 49
0 1
1 0

# 59 Std1p 
.n 59 5 50 51 58 57 61
00000 0
00001 0
00010 0
00011 0
00100 1
00101 0
00110 1
00111 0
01000 0
01001 0
01010 0
01011 0
01100 0
01101 0
01110 0
01111 0
10000 0
10001 0
10010 0
10011 0
10100 1
10101 0
10110 1
10111 0
11000 0
11001 0
11010 0
11011 0
11100 0
11101 0
11110 0
11111 0

# 60 SUC2 
.n 60 2 40 42
00 1
01 0
10 0
11 0

# 61 Yck1p 
.n 61 1 73
0 0
1 1

# 62 RGT1 
.n 62 0

# 63 GAL11 
.n 63 0

# 64 glucose_ext 
.n 64 0

# 65 galactose_ext 
.n 65 0

# 66 GLC7 
.n 66 0

# 67 REG1 
.n 67 0

# 68 maltose_ext 
.n 68 0

# 69 RGT2 
.n 69 0

# 70 GRR1 
.n 70 0

# 71 SNF1 
.n 71 0

# 72 SNF4 
.n 72 0

# 73 YCK1_2 
.n 73 0

.e End of file
