.v 44

.l 1 ROS
.l 2 NOS
.l 3 AGB1
.l 4 KAP
.l 5 cGMP
.l 6 GPA1
.l 7 AnionEM
.l 8 PA
.l 9 Ca2_c
.l 10 S1P
.l 11 pH
.l 12 CIS
.l 13 OST1
.l 14 GC
.l 15 ABI1
.l 16 SphK
.l 17 ROP2
.l 18 NO
.l 19 RCN1
.l 20 Depolar
.l 21 PEPC
.l 22 cADPR
.l 23 InsPK
.l 24 Atrboh
.l 25 Actin
.l 26 CaIM
.l 27 Malate
.l 28 RAC1
.l 29 InsP3
.l 30 InsP6
.l 31 KOUT
.l 32 HTPase
.l 33 PLC
.l 34 ROP10
.l 35 KEV
.l 36 ADPRc
.l 37 Ca2_ATPase
.l 38 NIA12
.l 39 Closure
.l 40 PLD
.l 41 ERA1
.l 42 ABA
.l 43 GCR1
.l 44 ABH1

# 1 ROS 
.n 1 1 24
1 1
0 0

# 2 NOS 
.n 2 1 9
1 1
0 0

# 3 AGB1 
.n 3 1 6
1 1
0 0

# 4 KAP 
.n 4 3 9 11 20
111 0
110 0
101 1
100 0
011 1
010 0
001 1
000 0

# 5 cGMP 
.n 5 1 14
1 1
0 0

# 6 GPA1 
.n 6 3 3 10 43
111 1
110 1
101 0
100 1
011 0
010 0
001 0
000 0

# 7 AnionEM 
.n 7 3 9 11 15
111 1
110 1
101 0
100 1
011 0
010 1
001 0
000 0

# 8 PA 
.n 8 1 40
1 1
0 0

# 9 Ca2_c 
.n 9 3 12 26 37
111 0
110 1
101 0
100 1
011 0
010 1
001 0
000 0

# 10 S1P 
.n 10 1 16
1 1
0 0

# 11 pH 
.n 11 1 42
1 1
0 0

# 12 CIS 
.n 12 4 5 22 29 30
1111 1
1110 1
1101 1
1100 1
1011 1
1010 0
1001 0
1000 0
0111 1
0110 0
0101 0
0100 0
0011 1
0010 0
0001 0
0000 0

# 13 OST1 
.n 13 1 42
1 1
0 0

# 14 GC 
.n 14 1 18
1 1
0 0

# 15 ABI1 
.n 15 3 1 8 11
111 0
110 0
101 0
100 0
011 0
010 0
001 1
000 0

# 16 SphK 
.n 16 1 42
1 1
0 0

# 17 ROP2 
.n 17 1 8
1 1
0 0

# 18 NO 
.n 18 2 2 38
11 1
10 0
01 0
00 0

# 19 RCN1 
.n 19 1 42
1 1
0 0

# 20 Depolar 
.n 20 5 7 9 31 32 35
11111 1
11110 1
11101 1
11100 1
11011 1
11010 1
11001 1
11000 1
10111 1
10110 1
10101 1
10100 1
10011 1
10010 1
10001 1
10000 1
01111 1
01110 1
01101 1
01100 1
01011 1
01010 1
01001 1
01000 1
00111 1
00110 0
00101 1
00100 1
00011 1
00010 1
00001 1
00000 1

# 21 PEPC 
.n 21 1 42
1 0
0 1

# 22 cADPR 
.n 22 1 36
1 1
0 0

# 23 InsPK 
.n 23 1 42
1 1
0 0

# 24 Atrboh 
.n 24 4 11 13 15 17
1111 0
1110 0
1101 1
1100 0
1011 0
1010 0
1001 0
1000 0
0111 0
0110 0
0101 0
0100 0
0011 0
0010 0
0001 0
0000 0

# 25 Actin 
.n 25 2 9 28
11 1
10 1
01 0
00 1

# 26 CaIM 
.n 26 4 1 20 41 44
1111 0
1110 0
1101 0
1100 0
1011 1
1010 1
1001 1
1000 1
0111 0
0110 0
0101 0
0100 0
0011 0
0010 1
0001 1
0000 1

# 27 Malate 
.n 27 3 7 21 42
111 0
110 0
101 0
100 0
011 0
010 1
001 0
000 0

# 28 RAC1 
.n 28 2 15 42
11 0
10 0
01 0
00 1

# 29 InsP3 
.n 29 1 33
1 1
0 0

# 30 InsP6 
.n 30 1 23
1 1
0 0

# 31 KOUT 
.n 31 4 1 11 18 20
1111 1
1110 0
1101 1
1100 0
1011 0
1010 0
1001 1
1000 0
0111 1
0110 0
0101 1
0100 0
0011 1
0010 0
0001 1
0000 0

# 32 HTPase 
.n 32 3 1 9 11
111 0
110 0
101 0
100 0
011 0
010 0
001 0
000 1

# 33 PLC 
.n 33 2 9 42
11 1
10 0
01 0
00 0

# 34 ROP10 
.n 34 1 41
1 1
0 0

# 35 KEV 
.n 35 1 9
1 1
0 0

# 36 ADPRc 
.n 36 1 18
1 1
0 0

# 37 Ca2_ATPase 
.n 37 1 9
1 1
0 0

# 38 NIA12 
.n 38 1 19
1 1
0 0

# 39 Closure 
.n 39 5 4 7 25 27 31
11111 0
11110 0
11101 1
11100 1
11011 0
11010 0
11001 0
11000 0
10111 0
10110 0
10101 0
10100 0
10011 0
10010 0
10001 0
10000 0
01111 0
01110 0
01101 1
01100 0
01011 0
01010 0
01001 0
01000 0
00111 0
00110 0
00101 0
00100 0
00011 0
00010 0
00001 0
00000 0

# 40 PLD 
.n 40 1 6
1 1
0 0

# 41 ERA1 
.n 41 0

# 42 ABA 
.n 42 0

# 43 GCR1 
.n 43 0

# 44 ABH1 
.n 44 0

.e End of file
