.v 44

.l 1 ABI1
.l 2 Actin
.l 3 ADPRc
.l 4 AGB1
.l 5 AnionEM
.l 6 Atrboh
.l 7 Ca2_ATPase
.l 8 Ca2_c
.l 9 cADPR
.l 10 CaIM
.l 11 cGMP
.l 12 CIS
.l 13 Closure
.l 14 Depolar
.l 15 GC
.l 16 GPA1
.l 17 HTPase
.l 18 InsP3
.l 19 InsP6
.l 20 InsPK
.l 21 KAP
.l 22 KEV
.l 23 KOUT
.l 24 Malate
.l 25 NIA12
.l 26 NO
.l 27 NOS
.l 28 OST1
.l 29 PA
.l 30 PEPC
.l 31 pH
.l 32 PLC
.l 33 PLD
.l 34 RAC1
.l 35 RCN1
.l 36 ROP10
.l 37 ROP2
.l 38 ROS
.l 39 S1P
.l 40 SphK
.l 41 ABH1
.l 42 ERA1
.l 43 GCR1
.l 44 ABA

# 1 ABI1 
.n 1 3 29 38 31
000 0
001 1
010 0
011 0
100 0
101 0
110 0
111 0

# 2 Actin 
.n 2 2 8 34
00 0
01 0
10 1
11 0

# 3 ADPRc 
.n 3 1 26
0 0
1 1

# 4 AGB1 
.n 4 1 16
0 0
1 1

# 5 AnionEM 
.n 5 3 1 8 31
000 0
001 1
010 1
011 1
100 0
101 0
110 0
111 1

# 6 Atrboh 
.n 6 4 1 28 37 31
0000 0
0001 0
0010 0
0011 0
0100 0
0101 0
0110 0
0111 1
1000 0
1001 0
1010 0
1011 0
1100 0
1101 0
1110 0
1111 0

# 7 Ca2_ATPase 
.n 7 1 8
0 0
1 1

# 8 Ca2_c 
.n 8 3 12 7 10
000 0
001 1
010 0
011 0
100 1
101 1
110 0
111 0

# 9 cADPR 
.n 9 1 3
0 0
1 1

# 10 CaIM 
.n 10 4 41 14 42 38
0000 1
0001 1
0010 1
0011 1
0100 0
0101 0
0110 0
0111 0
1000 1
1001 1
1010 0
1011 1
1100 0
1101 0
1110 0
1111 0

# 11 cGMP 
.n 11 1 15
0 0
1 1

# 12 CIS 
.n 12 4 18 19 9 11
0000 0
0001 0
0010 0
0011 1
0100 0
0101 0
0110 0
0111 1
1000 0
1001 0
1010 0
1011 1
1100 1
1101 1
1110 1
1111 1

# 13 Closure 
.n 13 5 2 5 21 23 24
00000 0
00001 0
00010 0
00011 0
00100 0
00101 0
00110 0
00111 0
01000 0
01001 0
01010 0
01011 0
01100 0
01101 0
01110 0
01111 0
10000 0
10001 0
10010 0
10011 0
10100 0
10101 0
10110 0
10111 0
11000 0
11001 0
11010 1
11011 0
11100 1
11101 0
11110 1
11111 0

# 14 Depolar 
.n 14 5 5 8 17 22 23
00000 1
00001 1
00010 1
00011 1
00100 1
00101 1
00110 1
00111 1
01000 1
01001 1
01010 1
01011 1
01100 1
01101 0
01110 1
01111 1
10000 1
10001 1
10010 1
10011 1
10100 1
10101 1
10110 1
10111 1
11000 1
11001 1
11010 1
11011 1
11100 1
11101 1
11110 1
11111 1

# 15 GC 
.n 15 1 26
0 0
1 1

# 16 GPA1 
.n 16 3 4 43 39
000 0
001 0
010 0
011 0
100 1
101 1
110 0
111 1

# 17 HTPase 
.n 17 3 8 38 31
000 1
001 0
010 0
011 0
100 0
101 0
110 0
111 0

# 18 InsP3 
.n 18 1 32
0 0
1 1

# 19 InsP6 
.n 19 1 20
0 0
1 1

# 20 InsPK 
.n 20 1 44
0 0
1 1

# 21 KAP 
.n 21 3 8 14 31
000 0
001 0
010 1
011 1
100 0
101 0
110 1
111 0

# 22 KEV 
.n 22 1 8
0 0
1 1

# 23 KOUT 
.n 23 4 14 26 38 31
0000 0
0001 0
0010 0
0011 0
0100 0
0101 0
0110 0
0111 0
1000 1
1001 1
1010 1
1011 1
1100 1
1101 1
1110 0
1111 1

# 24 Malate 
.n 24 3 44 5 30
000 0
001 1
010 0
011 0
100 0
101 0
110 0
111 0

# 25 NIA12 
.n 25 1 35
0 0
1 1

# 26 NO 
.n 26 2 25 27
00 0
01 0
10 0
11 1

# 27 NOS 
.n 27 1 8
0 0
1 1

# 28 OST1 
.n 28 1 44
0 0
1 1

# 29 PA 
.n 29 1 33
0 0
1 1

# 30 PEPC 
.n 30 1 44
0 1
1 0

# 31 pH 
.n 31 2 44 31
00 0
01 0
10 1
11 0

# 32 PLC 
.n 32 2 44 8
00 0
01 0
10 0
11 1

# 33 PLD 
.n 33 1 16
0 0
1 1

# 34 RAC1 
.n 34 2 44 1
00 1
01 0
10 0
11 0

# 35 RCN1 
.n 35 1 44
0 0
1 1

# 36 ROP10 
.n 36 1 42
0 0
1 1

# 37 ROP2 
.n 37 1 29
0 0
1 1

# 38 ROS 
.n 38 1 6
0 0
1 1

# 39 S1P 
.n 39 1 40
0 0
1 1

# 40 SphK 
.n 40 1 44
0 0
1 1

# 41 ABH1 
.n 41 0

# 42 ERA1 
.n 42 0

# 43 GCR1 
.n 43 0

# 44 ABA 
.n 44 0

.e End of file
