.v 25

.l 1 AKT
.l 2 BAX
.l 3 cJUN
.l 4 cRAF
.l 5 CyclinB1
.l 6 CyclinD1
.l 7 ERBB1
.l 8 ERBB2
.l 9 ERBB3
.l 10 ERK1_2
.l 11 FOXO1_3a
.l 12 GSKa_b
.l 13 Nfkb
.l 14 p38
.l 15 p53
.l 16 p70S6K
.l 17 PRAS
.l 18 PTEN
.l 19 RB
.l 20 RPS6
.l 21 TSC2
.l 22 erlotinib
.l 23 pertuzumab
.l 24 stimulus
.l 25 trastuzumab

# 1 AKT 
.n 1 6 1 5 7 8 9 18
000000 0
000001 0
000010 1
000011 0
000100 1
000101 0
000110 1
000111 0
001000 1
001001 0
001010 1
001011 0
001100 1
001101 0
001110 1
001111 0
010000 1
010001 0
010010 1
010011 0
010100 1
010101 0
010110 1
010111 0
011000 1
011001 0
011010 1
011011 0
011100 1
011101 0
011110 1
011111 0
100000 1
100001 0
100010 1
100011 0
100100 1
100101 0
100110 1
100111 0
101000 1
101001 0
101010 1
101011 0
101100 1
101101 0
101110 1
101111 0
110000 1
110001 0
110010 1
110011 0
110100 1
110101 0
110110 1
110111 0
111000 1
111001 0
111010 1
111011 0
111100 1
111101 0
111110 1
111111 0

# 2 BAX 
.n 2 1 2
0 0
1 1

# 3 cJUN 
.n 3 2 12 3
00 0
01 1
10 0
11 0

# 4 cRAF 
.n 4 4 7 8 10 4
0000 0
0001 1
0010 0
0011 0
0100 1
0101 1
0110 0
0111 0
1000 1
1001 1
1010 0
1011 0
1100 1
1101 1
1110 0
1111 0

# 5 CyclinB1 
.n 5 2 5 15
00 0
01 0
10 1
11 0

# 6 CyclinD1 
.n 6 5 1 6 10 3 16
00000 0
00001 1
00010 1
00011 1
00100 1
00101 1
00110 1
00111 1
01000 1
01001 1
01010 1
01011 1
01100 1
01101 1
01110 1
01111 1
10000 1
10001 1
10010 1
10011 1
10100 1
10101 1
10110 1
10111 1
11000 1
11001 1
11010 1
11011 1
11100 1
11101 1
11110 1
11111 1

# 7 ERBB1 
.n 7 6 7 9 3 22 23 24
000000 0
000001 1
000010 0
000011 0
000100 0
000101 0
000110 0
000111 0
001000 1
001001 1
001010 0
001011 0
001100 0
001101 0
001110 0
001111 0
010000 1
010001 1
010010 0
010011 0
010100 0
010101 0
010110 0
010111 0
011000 1
011001 1
011010 0
011011 0
011100 0
011101 0
011110 0
011111 0
100000 1
100001 1
100010 0
100011 0
100100 0
100101 0
100110 0
100111 0
101000 1
101001 1
101010 0
101011 0
101100 0
101101 0
101110 0
101111 0
110000 1
110001 1
110010 0
110011 0
110100 0
110101 0
110110 0
110111 0
111000 1
111001 1
111010 0
111011 0
111100 0
111101 0
111110 0
111111 0

# 8 ERBB2 
.n 8 5 8 22 23 24 25
00000 0
00001 0
00010 1
00011 0
00100 0
00101 0
00110 0
00111 0
01000 0
01001 0
01010 0
01011 0
01100 0
01101 0
01110 0
01111 0
10000 1
10001 0
10010 1
10011 0
10100 0
10101 0
10110 0
10111 0
11000 0
11001 0
11010 0
11011 0
11100 0
11101 0
11110 0
11111 0

# 9 ERBB3 
.n 9 5 9 20 22 23 24
00000 0
00001 1
00010 0
00011 0
00100 0
00101 0
00110 0
00111 0
01000 1
01001 1
01010 0
01011 0
01100 0
01101 0
01110 0
01111 0
10000 1
10001 1
10010 0
10011 0
10100 0
10101 0
10110 0
10111 0
11000 1
11001 1
11010 0
11011 0
11100 0
11101 0
11110 0
11111 0

# 10 ERK1_2 
.n 10 3 7 10 4
000 0
001 1
010 1
011 1
100 1
101 1
110 1
111 1

# 11 FOXO1_3a 
.n 11 2 1 11
00 0
01 1
10 0
11 0

# 12 GSKa_b 
.n 12 2 12 15
00 0
01 1
10 1
11 1

# 13 Nfkb 
.n 13 1 13
0 0
1 1

# 14 p38 
.n 14 2 1 14
00 0
01 1
10 1
11 1

# 15 p53 
.n 15 4 5 19 14 15
0000 0
0001 1
0010 1
0011 1
0100 1
0101 1
0110 1
0111 1
1000 1
1001 1
1010 1
1011 1
1100 1
1101 1
1110 1
1111 1

# 16 p70S6K 
.n 16 4 10 17 21 16
0000 0
0001 1
0010 0
0011 0
0100 0
0101 0
0110 0
0111 0
1000 1
1001 1
1010 0
1011 0
1100 0
1101 0
1110 0
1111 0

# 17 PRAS 
.n 17 3 1 17 3
000 0
001 1
010 1
011 1
100 0
101 0
110 0
111 0

# 18 PTEN 
.n 18 3 12 18 4
000 0
001 1
010 1
011 1
100 0
101 0
110 0
111 0

# 19 RB 
.n 19 3 5 19 15
000 0
001 1
010 1
011 1
100 0
101 0
110 0
111 0

# 20 RPS6 
.n 20 2 20 16
00 0
01 1
10 1
11 1

# 21 TSC2 
.n 21 5 1 10 12 19 21
00000 0
00001 1
00010 1
00011 1
00100 0
00101 0
00110 0
00111 0
01000 0
01001 0
01010 0
01011 0
01100 0
01101 0
01110 0
01111 0
10000 0
10001 0
10010 0
10011 0
10100 0
10101 0
10110 0
10111 0
11000 0
11001 0
11010 0
11011 0
11100 0
11101 0
11110 0
11111 0

# 22 erlotinib 
.n 22 0

# 23 pertuzumab 
.n 23 0

# 24 stimulus 
.n 24 0

# 25 trastuzumab 
.n 25 0

.e End of file
