.v 25

.l 1 CyclinB1
.l 2 ERBB3
.l 3 CyclinD1
.l 4 p38
.l 5 RPS6
.l 6 p70S6K
.l 7 TSC2
.l 8 PTEN
.l 9 PRAS
.l 10 Nfkb
.l 11 RB
.l 12 AKT
.l 13 GSKa_b
.l 14 BAX
.l 15 ERBB1
.l 16 cRAF
.l 17 cJUN
.l 18 p53
.l 19 ERK1_2
.l 20 ERBB2
.l 21 FOXO1_3a
.l 22 pertuzumab
.l 23 erlotinib
.l 24 trastuzumab
.l 25 stimulus

# 1 CyclinB1 
.n 1 2 1 18
11 0
10 1
01 0
00 0

# 2 ERBB3 
.n 2 5 2 5 22 23 25
11111 0
11110 0
11101 0
11100 0
11011 0
11010 0
11001 1
11000 1
10111 0
10110 0
10101 0
10100 0
10011 0
10010 0
10001 1
10000 1
01111 0
01110 0
01101 0
01100 0
01011 0
01010 0
01001 1
01000 1
00111 0
00110 0
00101 0
00100 0
00011 0
00010 0
00001 1
00000 0

# 3 CyclinD1 
.n 3 5 3 6 12 17 19
11111 1
11110 1
11101 1
11100 1
11011 1
11010 1
11001 1
11000 1
10111 1
10110 1
10101 1
10100 1
10011 1
10010 1
10001 1
10000 1
01111 1
01110 1
01101 1
01100 1
01011 1
01010 1
01001 1
01000 1
00111 1
00110 1
00101 1
00100 1
00011 1
00010 1
00001 1
00000 0

# 4 p38 
.n 4 2 4 12
11 1
10 1
01 1
00 0

# 5 RPS6 
.n 5 2 5 6
11 1
10 1
01 1
00 0

# 6 p70S6K 
.n 6 4 6 7 9 19
1111 0
1110 0
1101 0
1100 0
1011 0
1010 0
1001 1
1000 1
0111 0
0110 0
0101 0
0100 0
0011 0
0010 0
0001 1
0000 0

# 7 TSC2 
.n 7 5 7 11 12 13 19
11111 0
11110 0
11101 0
11100 0
11011 0
11010 0
11001 0
11000 1
10111 0
10110 0
10101 0
10100 0
10011 0
10010 0
10001 0
10000 1
01111 0
01110 0
01101 0
01100 0
01011 0
01010 0
01001 0
01000 1
00111 0
00110 0
00101 0
00100 0
00011 0
00010 0
00001 0
00000 0

# 8 PTEN 
.n 8 3 8 13 16
111 0
110 0
101 1
100 1
011 0
010 0
001 1
000 0

# 9 PRAS 
.n 9 3 9 12 17
111 0
110 0
101 1
100 1
011 0
010 0
001 1
000 0

# 10 Nfkb 
.n 10 1 10
1 1
0 0

# 11 RB 
.n 11 3 1 11 18
111 0
110 0
101 0
100 0
011 1
010 1
001 1
000 0

# 12 AKT 
.n 12 6 1 2 8 12 15 20
111111 0
111110 0
111101 0
111100 0
111011 0
111010 0
111001 0
111000 0
110111 1
110110 1
110101 1
110100 1
110011 1
110010 1
110001 1
110000 1
101111 0
101110 0
101101 0
101100 0
101011 0
101010 0
101001 0
101000 0
100111 1
100110 1
100101 1
100100 1
100011 1
100010 1
100001 1
100000 1
011111 0
011110 0
011101 0
011100 0
011011 0
011010 0
011001 0
011000 0
010111 1
010110 1
010101 1
010100 1
010011 1
010010 1
010001 1
010000 1
001111 0
001110 0
001101 0
001100 0
001011 0
001010 0
001001 0
001000 0
000111 1
000110 1
000101 1
000100 1
000011 1
000010 1
000001 1
000000 0

# 13 GSKa_b 
.n 13 2 13 18
11 1
10 1
01 1
00 0

# 14 BAX 
.n 14 1 14
1 1
0 0

# 15 ERBB1 
.n 15 6 2 15 17 22 23 25
111111 0
111110 0
111101 0
111100 0
111011 0
111010 0
111001 1
111000 1
110111 0
110110 0
110101 0
110100 0
110011 0
110010 0
110001 1
110000 1
101111 0
101110 0
101101 0
101100 0
101011 0
101010 0
101001 1
101000 1
100111 0
100110 0
100101 0
100100 0
100011 0
100010 0
100001 1
100000 1
011111 0
011110 0
011101 0
011100 0
011011 0
011010 0
011001 1
011000 1
010111 0
010110 0
010101 0
010100 0
010011 0
010010 0
010001 1
010000 1
001111 0
001110 0
001101 0
001100 0
001011 0
001010 0
001001 1
001000 1
000111 0
000110 0
000101 0
000100 0
000011 0
000010 0
000001 1
000000 0

# 16 cRAF 
.n 16 4 15 16 19 20
1111 0
1110 0
1101 1
1100 1
1011 0
1010 0
1001 1
1000 1
0111 0
0110 0
0101 1
0100 1
0011 0
0010 0
0001 1
0000 0

# 17 cJUN 
.n 17 2 13 17
11 0
10 0
01 1
00 0

# 18 p53 
.n 18 4 1 4 11 18
1111 1
1110 1
1101 1
1100 1
1011 1
1010 1
1001 1
1000 1
0111 1
0110 1
0101 1
0100 1
0011 1
0010 1
0001 1
0000 0

# 19 ERK1_2 
.n 19 3 15 16 19
111 1
110 1
101 1
100 1
011 1
010 1
001 1
000 0

# 20 ERBB2 
.n 20 5 20 22 23 24 25
11111 0
11110 0
11101 0
11100 0
11011 0
11010 0
11001 0
11000 0
10111 0
10110 0
10101 0
10100 0
10011 0
10010 0
10001 1
10000 1
01111 0
01110 0
01101 0
01100 0
01011 0
01010 0
01001 0
01000 0
00111 0
00110 0
00101 0
00100 0
00011 0
00010 0
00001 1
00000 0

# 21 FOXO1_3a 
.n 21 2 12 21
11 0
10 0
01 1
00 0

# 22 pertuzumab 
.n 22 0

# 23 erlotinib 
.n 23 0

# 24 trastuzumab 
.n 24 0

# 25 stimulus 
.n 25 0

.e End of file
