.v 16

.l 1 AKT
.l 2 ERBB1
.l 3 ERBB2
.l 4 ERBB3
.l 5 ERK1_2
.l 6 MEK1_2
.l 7 mTOR
.l 8 p70S6K
.l 9 PDK1
.l 10 PKCa
.l 11 PLCg
.l 12 EGF
.l 13 erlotinib
.l 14 pertuzumab
.l 15 trastuzumab
.l 16 HRG

# 1 AKT 
.n 1 5 1 4 9 7 8
00000 0
00001 1
00010 1
00011 1
00100 1
00101 1
00110 1
00111 1
01000 1
01001 1
01010 1
01011 1
01100 1
01101 1
01110 1
01111 1
10000 1
10001 1
10010 1
10011 1
10100 1
10101 1
10110 1
10111 1
11000 1
11001 1
11010 1
11011 1
11100 1
11101 1
11110 1
11111 1

# 2 ERBB1 
.n 2 5 12 2 11 13 14
00000 0
00001 0
00010 0
00011 0
00100 1
00101 0
00110 0
00111 0
01000 1
01001 0
01010 0
01011 0
01100 1
01101 0
01110 0
01111 0
10000 1
10001 0
10010 0
10011 0
10100 1
10101 0
10110 0
10111 0
11000 1
11001 0
11010 0
11011 0
11100 1
11101 0
11110 0
11111 0

# 3 ERBB2 
.n 3 6 2 3 9 13 14 15
000000 0
000001 0
000010 0
000011 0
000100 0
000101 0
000110 0
000111 0
001000 1
001001 0
001010 0
001011 0
001100 0
001101 0
001110 0
001111 0
010000 1
010001 0
010010 0
010011 0
010100 0
010101 0
010110 0
010111 0
011000 1
011001 0
011010 0
011011 0
011100 0
011101 0
011110 0
011111 0
100000 1
100001 0
100010 0
100011 0
100100 0
100101 0
100110 0
100111 0
101000 1
101001 0
101010 0
101011 0
101100 0
101101 0
101110 0
101111 0
110000 1
110001 0
110010 0
110011 0
110100 0
110101 0
110110 0
110111 0
111000 1
111001 0
111010 0
111011 0
111100 0
111101 0
111110 0
111111 0

# 4 ERBB3 
.n 4 5 4 5 16 13 14
00000 0
00001 0
00010 0
00011 0
00100 1
00101 0
00110 0
00111 0
01000 1
01001 0
01010 0
01011 0
01100 1
01101 0
01110 0
01111 0
10000 1
10001 0
10010 0
10011 0
10100 1
10101 0
10110 0
10111 0
11000 1
11001 0
11010 0
11011 0
11100 1
11101 0
11110 0
11111 0

# 5 ERK1_2 
.n 5 2 5 6
00 0
01 1
10 1
11 1

# 6 MEK1_2 
.n 6 5 2 3 4 6 9
00000 0
00001 1
00010 1
00011 1
00100 1
00101 1
00110 1
00111 1
01000 1
01001 1
01010 1
01011 1
01100 1
01101 1
01110 1
01111 1
10000 1
10001 1
10010 1
10011 1
10100 1
10101 1
10110 1
10111 1
11000 1
11001 1
11010 1
11011 1
11100 1
11101 1
11110 1
11111 1

# 7 mTOR 
.n 7 2 1 7
00 0
01 1
10 1
11 1

# 8 p70S6K 
.n 8 5 1 5 13 7 8
00000 0
00001 1
00010 1
00011 1
00100 1
00101 1
00110 1
00111 1
01000 1
01001 1
01010 1
01011 1
01100 1
01101 1
01110 1
01111 1
10000 1
10001 1
10010 1
10011 1
10100 1
10101 1
10110 1
10111 1
11000 1
11001 1
11010 1
11011 1
11100 1
11101 1
11110 1
11111 1

# 9 PDK1 
.n 9 4 2 3 4 9
0000 0
0001 1
0010 1
0011 1
0100 1
0101 1
0110 1
0111 1
1000 1
1001 1
1010 1
1011 1
1100 1
1101 1
1110 1
1111 1

# 10 PKCa 
.n 10 3 10 11 15
000 0
001 1
010 1
011 1
100 1
101 1
110 1
111 1

# 11 PLCg 
.n 11 4 2 3 4 11
0000 0
0001 1
0010 1
0011 1
0100 1
0101 1
0110 1
0111 1
1000 1
1001 1
1010 1
1011 1
1100 1
1101 1
1110 1
1111 1

# 12 EGF 
.n 12 0

# 13 erlotinib 
.n 13 0

# 14 pertuzumab 
.n 14 0

# 15 trastuzumab 
.n 15 0

# 16 HRG 
.n 16 0

.e End of file
