.v 68

.l 1 Akt
.l 2 AP1
.l 3 ATF2
.l 4 C3G
.l 5 Ca
.l 6 CCL20
.l 7 Cdc42_Rac1
.l 8 CDK2
.l 9 CDKN1A
.l 10 CDKN2A
.l 11 CellMigration
.l 12 cFOS
.l 13 cJUN
.l 14 cMYC
.l 15 CREB
.l 16 CRKL
.l 17 CTGF
.l 18 CyclinD
.l 19 DAG
.l 20 DOCK180
.l 21 ECM
.l 22 EGFR
.l 23 EGR1
.l 24 Elk1
.l 25 Erk
.l 26 ETS
.l 27 Fak
.l 28 Grb2
.l 29 HBEGF
.l 30 IL8
.l 31 Integrins
.l 32 IP3
.l 33 JNK
.l 34 Mek
.l 35 Mekk1
.l 36 Mekk4
.l 37 Mekk7
.l 38 MET
.l 39 Mkk3
.l 40 Mkk4
.l 41 Mkk6
.l 42 MLK3
.l 43 MMP1_10
.l 44 p38
.l 45 PAK1
.l 46 PAK2
.l 47 PAK3
.l 48 PI3K
.l 49 PKC
.l 50 Plasmin
.l 51 PLC_g
.l 52 Proliferation
.l 53 PTGS2
.l 54 Raf
.l 55 Rap1
.l 56 Ras
.l 57 RSK
.l 58 Shc
.l 59 SOS
.l 60 STAT3
.l 61 uPA
.l 62 uPAR
.l 63 PTEN
.l 64 EGF
.l 65 HGF
.l 66 DUSP1
.l 67 AKAP12
.l 68 PAI-1

# 1 Akt 
.n 1 2 48 63
00 0
01 0
10 1
11 0

# 2 AP1 
.n 2 2 12 13
00 0
01 0
10 0
11 1

# 3 ATF2 
.n 3 2 33 44
00 0
01 0
10 0
11 1

# 4 C3G 
.n 4 1 16
0 0
1 1

# 5 Ca 
.n 5 1 32
0 0
1 1

# 6 CCL20 
.n 6 1 25
0 0
1 1

# 7 Cdc42_Rac1 
.n 7 3 1 20 56
000 0
001 0
010 0
011 0
100 0
101 0
110 0
111 1

# 8 CDK2 
.n 8 3 9 10 18
000 0
001 1
010 0
011 0
100 0
101 0
110 0
111 0

# 9 CDKN1A 
.n 9 1 60
0 0
1 1

# 10 CDKN2A 
.n 10 2 26 24
00 0
01 1
10 1
11 1

# 11 CellMigration 
.n 11 4 6 17 30 53
0000 0
0001 0
0010 0
0011 0
0100 0
0101 0
0110 0
0111 0
1000 0
1001 0
1010 0
1011 0
1100 0
1101 0
1110 0
1111 1

# 12 cFOS 
.n 12 1 25
0 0
1 1

# 13 cJUN 
.n 13 2 33 44
00 0
01 0
10 0
11 1

# 14 cMYC 
.n 14 1 25
0 0
1 1

# 15 CREB 
.n 15 1 57
0 0
1 1

# 16 CRKL 
.n 16 1 28
0 0
1 1

# 17 CTGF 
.n 17 2 25 44
00 0
01 1
10 1
11 1

# 18 CyclinD 
.n 18 2 3 24
00 0
01 1
10 1
11 1

# 19 DAG 
.n 19 1 51
0 0
1 1

# 20 DOCK180 
.n 20 1 16
0 0
1 1

# 21 ECM 
.n 21 1 43
0 0
1 1

# 22 EGFR 
.n 22 2 64 29
00 0
01 1
10 1
11 1

# 23 EGR1 
.n 23 1 25
0 0
1 1

# 24 Elk1 
.n 24 2 25 33
00 0
01 1
10 1
11 1

# 25 Erk 
.n 25 1 34
0 0
1 1

# 26 ETS 
.n 26 1 25
0 0
1 1

# 27 Fak 
.n 27 3 31 63 55
000 0
001 0
010 0
011 0
100 0
101 1
110 0
111 0

# 28 Grb2 
.n 28 1 58
0 0
1 1

# 29 HBEGF 
.n 29 2 25 44
00 0
01 1
10 1
11 1

# 30 IL8 
.n 30 2 25 44
00 0
01 1
10 1
11 1

# 31 Integrins 
.n 31 1 21
0 0
1 1

# 32 IP3 
.n 32 1 51
0 0
1 1

# 33 JNK 
.n 33 3 37 40 46
000 0
001 1
010 0
011 1
100 0
101 1
110 1
111 1

# 34 Mek 
.n 34 2 35 54
00 0
01 1
10 1
11 1

# 35 Mekk1 
.n 35 1 7
0 0
1 1

# 36 Mekk4 
.n 36 1 7
0 0
1 1

# 37 Mekk7 
.n 37 1 35
0 0
1 1

# 38 MET 
.n 38 1 65
0 0
1 1

# 39 Mkk3 
.n 39 1 42
0 0
1 1

# 40 Mkk4 
.n 40 3 42 35 36
000 0
001 1
010 1
011 1
100 1
101 1
110 1
111 1

# 41 Mkk6 
.n 41 1 42
0 0
1 1

# 42 MLK3 
.n 42 1 7
0 0
1 1

# 43 MMP1_10 
.n 43 1 50
0 0
1 1

# 44 p38 
.n 44 4 66 39 41 45
0000 0
0001 1
0010 0
0011 1
0100 0
0101 1
0110 1
0111 1
1000 0
1001 0
1010 0
1011 0
1100 0
1101 0
1110 0
1111 0

# 45 PAK1 
.n 45 1 7
0 0
1 1

# 46 PAK2 
.n 46 1 7
0 0
1 1

# 47 PAK3 
.n 47 1 7
0 0
1 1

# 48 PI3K 
.n 48 3 22 27 38
000 0
001 1
010 0
011 1
100 0
101 1
110 1
111 1

# 49 PKC 
.n 49 3 67 5 19
000 0
001 0
010 0
011 1
100 0
101 0
110 0
111 0

# 50 Plasmin 
.n 50 2 68 61
00 0
01 0
10 0
11 1

# 51 PLC_g 
.n 51 2 22 38
00 0
01 1
10 1
11 1

# 52 Proliferation 
.n 52 2 8 18
00 0
01 0
10 0
11 1

# 53 PTGS2 
.n 53 3 3 12 13
000 0
001 0
010 0
011 1
100 1
101 1
110 1
111 1

# 54 Raf 
.n 54 3 47 49 56
000 0
001 0
010 0
011 0
100 0
101 0
110 0
111 1

# 55 Rap1 
.n 55 1 4
0 0
1 1

# 56 Ras 
.n 56 1 59
0 0
1 1

# 57 RSK 
.n 57 1 25
0 0
1 1

# 58 Shc 
.n 58 3 22 27 38
000 0
001 1
010 1
011 1
100 1
101 1
110 1
111 1

# 59 SOS 
.n 59 1 28
0 0
1 1

# 60 STAT3 
.n 60 1 25
0 0
1 1

# 61 uPA 
.n 61 1 62
0 0
1 1

# 62 uPAR 
.n 62 1 2
0 0
1 1

# 63 PTEN 
.n 63 0

# 64 EGF 
.n 64 0

# 65 HGF 
.n 65 0

# 66 DUSP1 
.n 66 0

# 67 AKAP12 
.n 67 0

# 68 PAI-1 
.n 68 0

.e End of file
