.v 68

.l 1 EGR1
.l 2 Elk1
.l 3 Mkk4
.l 4 HBEGF
.l 5 cMYC
.l 6 RSK
.l 7 IL8
.l 8 Ras
.l 9 uPAR
.l 10 AP1
.l 11 p38
.l 12 Cdc42_Rac1
.l 13 SOS
.l 14 MET
.l 15 ETS
.l 16 JNK
.l 17 CTGF
.l 18 EGFR
.l 19 PAK2
.l 20 Plasmin
.l 21 PKC
.l 22 Shc
.l 23 Mekk4
.l 24 Fak
.l 25 Proliferation
.l 26 CCL20
.l 27 MLK3
.l 28 C3G
.l 29 CellMigration
.l 30 STAT3
.l 31 MMP1_10
.l 32 cFOS
.l 33 CyclinD
.l 34 Erk
.l 35 CDKN2A
.l 36 Mek
.l 37 IP3
.l 38 Integrins
.l 39 PTGS2
.l 40 CREB
.l 41 Mekk7
.l 42 Mkk3
.l 43 PAK1
.l 44 Mkk6
.l 45 CDK2
.l 46 uPA
.l 47 Ca
.l 48 CRKL
.l 49 PAK3
.l 50 Mekk1
.l 51 DAG
.l 52 ATF2
.l 53 cJUN
.l 54 ECM
.l 55 PI3K
.l 56 Raf
.l 57 Grb2
.l 58 Akt
.l 59 Rap1
.l 60 CDKN1A
.l 61 PLC_g
.l 62 DOCK180
.l 63 PTEN
.l 64 DUSP1
.l 65 AKAP12
.l 66 PAI-1
.l 67 HGF
.l 68 EGF

# 1 EGR1 
.n 1 1 34
1 1
0 0

# 2 Elk1 
.n 2 2 16 34
11 1
10 1
01 1
00 0

# 3 Mkk4 
.n 3 3 23 27 50
111 1
110 1
101 1
100 1
011 1
010 1
001 1
000 0

# 4 HBEGF 
.n 4 2 11 34
11 1
10 1
01 1
00 0

# 5 cMYC 
.n 5 1 34
1 1
0 0

# 6 RSK 
.n 6 1 34
1 1
0 0

# 7 IL8 
.n 7 2 11 34
11 1
10 1
01 1
00 0

# 8 Ras 
.n 8 1 13
1 1
0 0

# 9 uPAR 
.n 9 1 10
1 1
0 0

# 10 AP1 
.n 10 2 32 53
11 1
10 0
01 0
00 0

# 11 p38 
.n 11 4 42 43 44 64
1111 1
1110 1
1101 1
1100 1
1011 0
1010 1
1001 0
1000 0
0111 1
0110 1
0101 1
0100 1
0011 0
0010 0
0001 0
0000 0

# 12 Cdc42_Rac1 
.n 12 3 8 58 62
111 1
110 0
101 0
100 0
011 0
010 0
001 0
000 0

# 13 SOS 
.n 13 1 57
1 1
0 0

# 14 MET 
.n 14 1 67
1 1
0 0

# 15 ETS 
.n 15 1 34
1 1
0 0

# 16 JNK 
.n 16 3 3 19 41
111 1
110 1
101 1
100 0
011 1
010 1
001 0
000 0

# 17 CTGF 
.n 17 2 11 34
11 1
10 1
01 1
00 0

# 18 EGFR 
.n 18 2 4 68
11 1
10 1
01 1
00 0

# 19 PAK2 
.n 19 1 12
1 1
0 0

# 20 Plasmin 
.n 20 2 46 66
11 1
10 0
01 0
00 0

# 21 PKC 
.n 21 3 47 51 65
111 0
110 1
101 0
100 0
011 0
010 0
001 0
000 0

# 22 Shc 
.n 22 3 14 18 24
111 1
110 1
101 1
100 1
011 1
010 1
001 1
000 0

# 23 Mekk4 
.n 23 1 12
1 1
0 0

# 24 Fak 
.n 24 3 38 59 63
111 0
110 1
101 0
100 0
011 0
010 0
001 0
000 0

# 25 Proliferation 
.n 25 2 33 45
11 1
10 0
01 0
00 0

# 26 CCL20 
.n 26 1 34
1 1
0 0

# 27 MLK3 
.n 27 1 12
1 1
0 0

# 28 C3G 
.n 28 1 48
1 1
0 0

# 29 CellMigration 
.n 29 4 7 17 26 39
1111 1
1110 0
1101 0
1100 0
1011 0
1010 0
1001 0
1000 0
0111 0
0110 0
0101 0
0100 0
0011 0
0010 0
0001 0
0000 0

# 30 STAT3 
.n 30 1 34
1 1
0 0

# 31 MMP1_10 
.n 31 1 20
1 1
0 0

# 32 cFOS 
.n 32 1 34
1 1
0 0

# 33 CyclinD 
.n 33 2 2 52
11 1
10 1
01 1
00 0

# 34 Erk 
.n 34 1 36
1 1
0 0

# 35 CDKN2A 
.n 35 2 2 15
11 1
10 1
01 1
00 0

# 36 Mek 
.n 36 2 50 56
11 1
10 1
01 1
00 0

# 37 IP3 
.n 37 1 61
1 1
0 0

# 38 Integrins 
.n 38 1 54
1 1
0 0

# 39 PTGS2 
.n 39 3 32 52 53
111 1
110 1
101 1
100 0
011 1
010 1
001 0
000 0

# 40 CREB 
.n 40 1 6
1 1
0 0

# 41 Mekk7 
.n 41 1 50
1 1
0 0

# 42 Mkk3 
.n 42 1 27
1 1
0 0

# 43 PAK1 
.n 43 1 12
1 1
0 0

# 44 Mkk6 
.n 44 1 27
1 1
0 0

# 45 CDK2 
.n 45 3 33 35 60
111 0
110 1
101 1
100 1
011 0
010 0
001 0
000 0

# 46 uPA 
.n 46 1 9
1 1
0 0

# 47 Ca 
.n 47 1 37
1 1
0 0

# 48 CRKL 
.n 48 1 57
1 1
0 0

# 49 PAK3 
.n 49 1 12
1 1
0 0

# 50 Mekk1 
.n 50 1 12
1 1
0 0

# 51 DAG 
.n 51 1 61
1 1
0 0

# 52 ATF2 
.n 52 2 11 16
11 1
10 0
01 0
00 0

# 53 cJUN 
.n 53 2 11 16
11 1
10 0
01 0
00 0

# 54 ECM 
.n 54 1 31
1 1
0 0

# 55 PI3K 
.n 55 3 14 18 24
111 1
110 1
101 1
100 1
011 1
010 0
001 0
000 0

# 56 Raf 
.n 56 3 8 21 49
111 1
110 0
101 0
100 0
011 0
010 0
001 0
000 0

# 57 Grb2 
.n 57 1 22
1 1
0 0

# 58 Akt 
.n 58 2 55 63
11 0
10 1
01 0
00 0

# 59 Rap1 
.n 59 1 28
1 1
0 0

# 60 CDKN1A 
.n 60 1 30
1 1
0 0

# 61 PLC_g 
.n 61 2 14 18
11 1
10 1
01 1
00 0

# 62 DOCK180 
.n 62 1 48
1 1
0 0

# 63 PTEN 
.n 63 0

# 64 DUSP1 
.n 64 0

# 65 AKAP12 
.n 65 0

# 66 PAI-1 
.n 66 0

# 67 HGF 
.n 67 0

# 68 EGF 
.n 68 0

.e End of file
