.v 24

.l 1 Ci_act
.l 2 Ptc
.l 3 Dlp
.l 4 Smo
.l 5 SuFu
.l 6 Targets
.l 7 Cos
.l 8 Hh
.l 9 Ci_rep
.l 10 Fu
.l 11 Dally
.l 12 Slmb
.l 13 Shf
.l 14 CK1a
.l 15 Lipophorin
.l 16 Sgg
.l 17 iHog
.l 18 Ttv
.l 19 Pka
.l 20 Disp
.l 21 Rasp
.l 22 Boi
.l 23 Tow
.l 24 Gprk2

# 1 Ci_act 
.n 1 6 5 7 12 14 16 19
111111 0
111110 0
111101 0
111100 0
111011 0
111010 0
111001 0
111000 1
110111 1
110110 1
110101 1
110100 1
110011 1
110010 1
110001 1
110000 1
101111 1
101110 1
101101 1
101100 1
101011 1
101010 1
101001 1
101000 1
100111 1
100110 1
100101 1
100100 1
100011 1
100010 1
100001 1
100000 1
011111 1
011110 1
011101 1
011100 1
011011 1
011010 1
011001 1
011000 1
010111 1
010110 1
010101 1
010100 1
010011 1
010010 1
010001 1
010000 1
001111 1
001110 1
001101 1
001100 1
001011 1
001010 1
001001 1
001000 1
000111 1
000110 1
000101 1
000100 1
000011 1
000010 1
000001 1
000000 1

# 2 Ptc 
.n 2 1 8
1 0
0 1

# 3 Dlp 
.n 3 1 18
1 1
0 0

# 4 Smo 
.n 4 3 2 23 24
111 0
110 0
101 1
100 0
011 1
010 0
001 1
000 0

# 5 SuFu 
.n 5 1 10
1 0
0 1

# 6 Targets 
.n 6 2 1 9
11 0
10 1
01 0
00 0

# 7 Cos 
.n 7 2 4 10
11 0
10 1
01 1
00 1

# 8 Hh 
.n 8 8 3 11 13 15 17 20 21 22
11111111 1
11111110 0
11111101 0
11111100 0
11111011 0
11111010 0
11111001 0
11111000 0
11110111 0
11110110 0
11110101 0
11110100 0
11110011 0
11110010 0
11110001 0
11110000 0
11101111 0
11101110 0
11101101 0
11101100 0
11101011 0
11101010 0
11101001 0
11101000 0
11100111 0
11100110 0
11100101 0
11100100 0
11100011 0
11100010 0
11100001 0
11100000 0
11011111 0
11011110 0
11011101 0
11011100 0
11011011 0
11011010 0
11011001 0
11011000 0
11010111 0
11010110 0
11010101 0
11010100 0
11010011 0
11010010 0
11010001 0
11010000 0
11001111 0
11001110 0
11001101 0
11001100 0
11001011 0
11001010 0
11001001 0
11001000 0
11000111 0
11000110 0
11000101 0
11000100 0
11000011 0
11000010 0
11000001 0
11000000 0
10111111 0
10111110 0
10111101 0
10111100 0
10111011 0
10111010 0
10111001 0
10111000 0
10110111 0
10110110 0
10110101 0
10110100 0
10110011 0
10110010 0
10110001 0
10110000 0
10101111 0
10101110 0
10101101 0
10101100 0
10101011 0
10101010 0
10101001 0
10101000 0
10100111 0
10100110 0
10100101 0
10100100 0
10100011 0
10100010 0
10100001 0
10100000 0
10011111 0
10011110 0
10011101 0
10011100 0
10011011 0
10011010 0
10011001 0
10011000 0
10010111 0
10010110 0
10010101 0
10010100 0
10010011 0
10010010 0
10010001 0
10010000 0
10001111 0
10001110 0
10001101 0
10001100 0
10001011 0
10001010 0
10001001 0
10001000 0
10000111 0
10000110 0
10000101 0
10000100 0
10000011 0
10000010 0
10000001 0
10000000 0
01111111 0
01111110 0
01111101 0
01111100 0
01111011 0
01111010 0
01111001 0
01111000 0
01110111 0
01110110 0
01110101 0
01110100 0
01110011 0
01110010 0
01110001 0
01110000 0
01101111 0
01101110 0
01101101 0
01101100 0
01101011 0
01101010 0
01101001 0
01101000 0
01100111 0
01100110 0
01100101 0
01100100 0
01100011 0
01100010 0
01100001 0
01100000 0
01011111 0
01011110 0
01011101 0
01011100 0
01011011 0
01011010 0
01011001 0
01011000 0
01010111 0
01010110 0
01010101 0
01010100 0
01010011 0
01010010 0
01010001 0
01010000 0
01001111 0
01001110 0
01001101 0
01001100 0
01001011 0
01001010 0
01001001 0
01001000 0
01000111 0
01000110 0
01000101 0
01000100 0
01000011 0
01000010 0
01000001 0
01000000 0
00111111 0
00111110 0
00111101 0
00111100 0
00111011 0
00111010 0
00111001 0
00111000 0
00110111 0
00110110 0
00110101 0
00110100 0
00110011 0
00110010 0
00110001 0
00110000 0
00101111 0
00101110 0
00101101 0
00101100 0
00101011 0
00101010 0
00101001 0
00101000 0
00100111 0
00100110 0
00100101 0
00100100 0
00100011 0
00100010 0
00100001 0
00100000 0
00011111 0
00011110 0
00011101 0
00011100 0
00011011 0
00011010 0
00011001 0
00011000 0
00010111 0
00010110 0
00010101 0
00010100 0
00010011 0
00010010 0
00010001 0
00010000 0
00001111 0
00001110 0
00001101 0
00001100 0
00001011 0
00001010 0
00001001 0
00001000 0
00000111 0
00000110 0
00000101 0
00000100 0
00000011 0
00000010 0
00000001 0
00000000 0

# 9 Ci_rep 
.n 9 6 5 7 12 14 16 19
111111 1
111110 0
111101 0
111100 0
111011 0
111010 0
111001 0
111000 0
110111 0
110110 0
110101 0
110100 0
110011 0
110010 0
110001 0
110000 0
101111 0
101110 0
101101 0
101100 0
101011 0
101010 0
101001 0
101000 0
100111 0
100110 0
100101 0
100100 0
100011 0
100010 0
100001 0
100000 0
011111 0
011110 0
011101 0
011100 0
011011 0
011010 0
011001 0
011000 0
010111 0
010110 0
010101 0
010100 0
010011 0
010010 0
010001 0
010000 0
001111 0
001110 0
001101 0
001100 0
001011 0
001010 0
001001 0
001000 0
000111 0
000110 0
000101 0
000100 0
000011 0
000010 0
000001 0
000000 0

# 10 Fu 
.n 10 1 4
1 1
0 0

# 11 Dally 
.n 11 1 18
1 1
0 0

# 12 Slmb 
.n 12 0

# 13 Shf 
.n 13 0

# 14 CK1a 
.n 14 0

# 15 Lipophorin 
.n 15 0

# 16 Sgg 
.n 16 0

# 17 iHog 
.n 17 0

# 18 Ttv 
.n 18 0

# 19 Pka 
.n 19 0

# 20 Disp 
.n 20 0

# 21 Rasp 
.n 21 0

# 22 Boi 
.n 22 0

# 23 Tow 
.n 23 0

# 24 Gprk2 
.n 24 0

.e End of file
