.v 117

.l 1 a20
.l 2 akt
.l 3 ap1
.l 4 atf2
.l 5 ccl2
.l 6 cebpb
.l 7 cebpd
.l 8 cfos
.l 9 cjun
.l 10 cjun_gene
.l 11 cox2
.l 12 cyt_p38
.l 13 dum_cebp_cox2
.l 14 dum_cebp_il1ra
.l 15 dum_cebp_pro_il1b
.l 16 dum_cebp_saa
.l 17 dum_ikkab_nemo_akt_or_ck2_p65
.l 18 dum_ikkab_or_ikkbb_nemo_ikkb_a
.l 19 dum_il1_r1
.l 20 dum_il1_r2
.l 21 dum_irak1_or_2_traf6_ub
.l 22 dum_mek3_or_4_or_6_nuc_p38
.l 23 dum_mek4_or_7_jnk
.l 24 dum_sap1_or_elk_cfos
.l 25 dum_tak1_tab_or_mekk3_ikkb_a
.l 26 elk1
.l 27 erk12
.l 28 gsk3
.l 29 hgf
.l 30 hnf4a
.l 31 hsp27_ps
.l 32 ikba
.l 33 ikba_degr
.l 34 ikba_diss
.l 35 ikkaa
.l 36 ikkaa_nemo
.l 37 ikkab_nemo
.l 38 ikka_a
.l 39 ikkbb_nemo
.l 40 ikkb_a
.l 41 il1a
.l 42 il1b
.l 43 il1b_new
.l 44 il1r1
.l 45 il1r2
.l 46 il1ra
.l 47 il1rc
.l 48 il6
.l 49 il8
.l 50 inos
.l 51 irak1
.l 52 irak1c
.l 53 irak1_ub
.l 54 irak2
.l 55 irak4
.l 56 irs1_ps
.l 57 jnk
.l 58 ksrp
.l 59 lbp
.l 60 mek1
.l 61 mek3
.l 62 mek4
.l 63 mek6
.l 64 mek7
.l 65 mekk3
.l 66 mk2
.l 67 mkp1
.l 68 msk1
.l 69 myd88
.l 70 nalp_infl
.l 71 nc_nfkb_pathway
.l 72 nemo
.l 73 nfkb
.l 74 nik
.l 75 nuc_p38
.l 76 p105
.l 77 p105_degr
.l 78 p50
.l 79 p65
.l 80 pellino
.l 81 pi3k
.l 82 pip3
.l 83 pro_hgf
.l 84 pro_il1b
.l 85 ros
.l 86 saa
.l 87 sap1
.l 88 tak1_tab
.l 89 tdum_a20_traf6_ub
.l 90 tdum_cyt_p38_tak1_tab
.l 91 tdum_hsp27_ps_traf6_ub
.l 92 tdum_il1r2_il1rc
.l 93 tdum_il1ra_ilr12
.l 94 tdum_irak1c_irak12
.l 95 tdum_mkp1_p38_jnk_erk12
.l 96 tdum_tpl2_degr_tp2
.l 97 tollip
.l 98 tpl2
.l 99 tpl2_degr
.l 100 traf6
.l 101 traf6_ub
.l 102 ttp
.l 103 upa
.l 104 abin2
.l 105 mtorc2
.l 106 pdk1
.l 107 ck2
.l 108 ikka
.l 109 ikkb
.l 110 sil1r12
.l 111 irakm
.l 112 trika1
.l 113 smyd88
.l 114 socs1
.l 115 pten
.l 116 src
.l 117 socs3

# 1 a20 
.n 1 1 104
0 0
1 1

# 2 akt 
.n 2 3 105 106 82
000 0
001 0
010 0
011 0
100 0
101 0
110 0
111 1

# 3 ap1 
.n 3 3 4 8 9
000 0
001 1
010 1
011 1
100 1
101 1
110 1
111 1

# 4 atf2 
.n 4 3 27 57 75
000 0
001 1
010 1
011 1
100 1
101 1
110 1
111 1

# 5 ccl2 
.n 5 4 3 9 28 73
0000 0
0001 0
0010 0
0011 0
0100 0
0101 0
0110 0
0111 0
1000 0
1001 0
1010 0
1011 0
1100 0
1101 0
1110 0
1111 1

# 6 cebpb 
.n 6 2 27 75
00 0
01 1
10 1
11 1

# 7 cebpd 
.n 7 3 107 57 73
000 0
001 0
010 0
011 0
100 0
101 0
110 0
111 1

# 8 cfos 
.n 8 2 24 68
00 0
01 0
10 0
11 1

# 9 cjun 
.n 9 2 10 57
00 0
01 1
10 1
11 1

# 10 cjun_gene 
.n 10 1 68
0 0
1 1

# 11 cox2 
.n 11 4 3 9 13 73
0000 0
0001 1
0010 1
0011 1
0100 1
0101 1
0110 1
0111 1
1000 1
1001 1
1010 1
1011 1
1100 1
1101 1
1110 1
1111 1

# 12 cyt_p38 
.n 12 2 66 75
00 0
01 0
10 0
11 1

# 13 dum_cebp_cox2 
.n 13 2 6 7
00 0
01 1
10 1
11 1

# 14 dum_cebp_il1ra 
.n 14 2 6 7
00 0
01 1
10 1
11 1

# 15 dum_cebp_pro_il1b 
.n 15 2 6 7
00 0
01 1
10 1
11 1

# 16 dum_cebp_saa 
.n 16 2 6 7
00 0
01 1
10 1
11 1

# 17 dum_ikkab_nemo_akt_or_ck2_p65 
.n 17 3 2 107 37
000 0
001 0
010 1
011 1
100 0
101 1
110 1
111 1

# 18 dum_ikkab_or_ikkbb_nemo_ikkb_a 
.n 18 2 37 39
00 0
01 1
10 1
11 1

# 19 dum_il1_r1 
.n 19 2 41 42
00 0
01 1
10 1
11 1

# 20 dum_il1_r2 
.n 20 2 41 42
00 0
01 1
10 1
11 1

# 21 dum_irak1_or_2_traf6_ub 
.n 21 2 51 54
00 0
01 1
10 1
11 1

# 22 dum_mek3_or_4_or_6_nuc_p38 
.n 22 3 61 62 63
000 0
001 1
010 1
011 1
100 1
101 1
110 1
111 1

# 23 dum_mek4_or_7_jnk 
.n 23 2 62 64
00 0
01 1
10 1
11 1

# 24 dum_sap1_or_elk_cfos 
.n 24 2 26 87
00 0
01 1
10 1
11 1

# 25 dum_tak1_tab_or_mekk3_ikkb_a 
.n 25 3 53 65 88
000 0
001 0
010 1
011 1
100 0
101 1
110 1
111 1

# 26 elk1 
.n 26 3 27 57 75
000 0
001 1
010 1
011 1
100 1
101 1
110 1
111 1

# 27 erk12 
.n 27 2 60 67
00 0
01 0
10 1
11 0

# 28 gsk3 
.n 28 1 2
0 1
1 0

# 29 hgf 
.n 29 2 83 103
00 0
01 0
10 0
11 1

# 30 hnf4a 
.n 30 2 75 85
00 0
01 0
10 0
11 1

# 31 hsp27_ps 
.n 31 1 66
0 0
1 1

# 32 ikba 
.n 32 3 33 34 73
000 1
001 1
010 0
011 1
100 0
101 1
110 0
111 1

# 33 ikba_degr 
.n 33 4 107 35 40 74
0000 0
0001 0
0010 1
0011 1
0100 0
0101 1
0110 1
0111 1
1000 1
1001 1
1010 1
1011 1
1100 1
1101 1
1110 1
1111 1

# 34 ikba_diss 
.n 34 1 38
0 0
1 1

# 35 ikkaa 
.n 35 1 108
0 0
1 1

# 36 ikkaa_nemo 
.n 36 2 108 72
00 0
01 0
10 0
11 1

# 37 ikkab_nemo 
.n 37 3 108 109 72
000 0
001 0
010 0
011 0
100 0
101 0
110 0
111 1

# 38 ikka_a 
.n 38 2 36 65
00 0
01 0
10 0
11 1

# 39 ikkbb_nemo 
.n 39 2 109 72
00 0
01 0
10 0
11 1

# 40 ikkb_a 
.n 40 2 18 25
00 0
01 0
10 0
11 1

# 41 il1a 
.n 41 1 110
0 0
1 1

# 42 il1b 
.n 42 1 110
0 0
1 1

# 43 il1b_new 
.n 43 2 70 84
00 0
01 0
10 0
11 1

# 44 il1r1 
.n 44 2 19 46
00 0
01 0
10 1
11 0

# 45 il1r2 
.n 45 2 20 46
00 0
01 0
10 1
11 0

# 46 il1ra 
.n 46 3 14 73 110
000 0
001 1
010 0
011 1
100 0
101 1
110 1
111 1

# 47 il1rc 
.n 47 3 44 45 110
000 0
001 0
010 0
011 0
100 1
101 0
110 0
111 0

# 48 il6 
.n 48 6 3 6 28 58 73 102
000000 0
000001 0
000010 0
000011 0
000100 0
000101 0
000110 0
000111 0
001000 0
001001 0
001010 0
001011 0
001100 0
001101 0
001110 0
001111 0
010000 0
010001 0
010010 0
010011 0
010100 0
010101 0
010110 0
010111 0
011000 0
011001 0
011010 0
011011 0
011100 0
011101 0
011110 0
011111 0
100000 0
100001 0
100010 0
100011 0
100100 0
100101 0
100110 0
100111 0
101000 0
101001 0
101010 0
101011 0
101100 0
101101 0
101110 0
101111 0
110000 0
110001 0
110010 0
110011 0
110100 0
110101 0
110110 0
110111 0
111000 0
111001 0
111010 1
111011 0
111100 0
111101 0
111110 0
111111 0

# 49 il8 
.n 49 5 3 8 58 73 102
00000 0
00001 0
00010 0
00011 0
00100 0
00101 0
00110 0
00111 0
01000 0
01001 0
01010 0
01011 0
01100 0
01101 0
01110 0
01111 0
10000 0
10001 0
10010 0
10011 0
10100 0
10101 0
10110 0
10111 0
11000 0
11001 0
11010 1
11011 0
11100 0
11101 0
11110 0
11111 0

# 50 inos 
.n 50 2 30 73
00 0
01 1
10 1
11 1

# 51 irak1 
.n 51 5 52 55 111 69 97
00000 0
00001 0
00010 0
00011 0
00100 0
00101 0
00110 0
00111 0
01000 0
01001 0
01010 0
01011 1
01100 0
01101 0
01110 0
01111 0
10000 0
10001 0
10010 0
10011 0
10100 0
10101 0
10110 0
10111 0
11000 0
11001 0
11010 0
11011 1
11100 0
11101 0
11110 0
11111 0

# 52 irak1c 
.n 52 2 69 97
00 0
01 0
10 0
11 1

# 53 irak1_ub 
.n 53 2 80 112
00 0
01 0
10 0
11 1

# 54 irak2 
.n 54 4 52 55 69 97
0000 0
0001 0
0010 0
0011 0
0100 0
0101 0
0110 0
0111 1
1000 0
1001 0
1010 0
1011 0
1100 0
1101 0
1110 0
1111 0

# 55 irak4 
.n 55 2 69 113
00 0
01 0
10 1
11 0

# 56 irs1_ps 
.n 56 3 27 40 57
000 0
001 1
010 1
011 1
100 1
101 1
110 1
111 1

# 57 jnk 
.n 57 2 23 67
00 0
01 0
10 1
11 1

# 58 ksrp 
.n 58 1 12
0 1
1 0

# 59 lbp 
.n 59 2 3 6
00 0
01 0
10 0
11 1

# 60 mek1 
.n 60 1 98
0 0
1 1

# 61 mek3 
.n 61 2 65 88
00 0
01 1
10 1
11 1

# 62 mek4 
.n 62 2 65 88
00 0
01 1
10 1
11 1

# 63 mek6 
.n 63 2 65 88
00 0
01 1
10 1
11 1

# 64 mek7 
.n 64 2 65 88
00 0
01 1
10 1
11 1

# 65 mekk3 
.n 65 2 100 101
00 0
01 1
10 1
11 1

# 66 mk2 
.n 66 1 75
0 0
1 1

# 67 mkp1 
.n 67 1 3
0 0
1 1

# 68 msk1 
.n 68 2 27 75
00 0
01 1
10 1
11 1

# 69 myd88 
.n 69 1 47
0 0
1 1

# 70 nalp_infl 
.n 70 1 27
0 1
1 0

# 71 nc_nfkb_pathway 
.n 71 2 35 74
00 0
01 0
10 0
11 1

# 72 nemo 
.n 72 1 1
0 1
1 0

# 73 nfkb 
.n 73 3 32 78 79
000 0
001 0
010 0
011 1
100 0
101 0
110 0
111 0

# 74 nik 
.n 74 1 88
0 0
1 1

# 75 nuc_p38 
.n 75 2 22 67
00 0
01 0
10 1
11 1

# 76 p105 
.n 76 1 77
0 1
1 0

# 77 p105_degr 
.n 77 1 40
0 0
1 1

# 78 p50 
.n 78 1 77
0 0
1 1

# 79 p65 
.n 79 2 17 114
00 0
01 0
10 1
11 1

# 80 pellino 
.n 80 2 51 55
00 0
01 1
10 1
11 1

# 81 pi3k 
.n 81 2 47 69
00 0
01 1
10 1
11 1

# 82 pip3 
.n 82 2 81 115
00 0
01 0
10 1
11 0

# 83 pro_hgf 
.n 83 2 6 7
00 0
01 1
10 1
11 1

# 84 pro_il1b 
.n 84 4 9 107 15 73
0000 0
0001 0
0010 0
0011 0
0100 0
0101 0
0110 0
0111 0
1000 0
1001 0
1010 0
1011 0
1100 0
1101 0
1110 0
1111 1

# 85 ros 
.n 85 2 50 73
00 1
01 1
10 1
11 0

# 86 saa 
.n 86 2 16 73
00 0
01 0
10 0
11 1

# 87 sap1 
.n 87 3 27 57 75
000 0
001 1
010 1
011 1
100 1
101 1
110 1
111 1

# 88 tak1_tab 
.n 88 4 12 65 101 112
0000 0
0001 0
0010 0
0011 0
0100 0
0101 0
0110 0
0111 1
1000 0
1001 0
1010 0
1011 0
1100 0
1101 0
1110 0
1111 0

# 89 tdum_a20_traf6_ub 
.n 89 1 1
0 0
1 1

# 90 tdum_cyt_p38_tak1_tab 
.n 90 1 12
0 0
1 1

# 91 tdum_hsp27_ps_traf6_ub 
.n 91 1 31
0 0
1 1

# 92 tdum_il1r2_il1rc 
.n 92 1 45
0 0
1 1

# 93 tdum_il1ra_ilr12 
.n 93 1 46
0 0
1 1

# 94 tdum_irak1c_irak12 
.n 94 1 52
0 0
1 1

# 95 tdum_mkp1_p38_jnk_erk12 
.n 95 1 67
0 0
1 1

# 96 tdum_tpl2_degr_tp2 
.n 96 1 99
0 0
1 1

# 97 tollip 
.n 97 1 47
0 0
1 1

# 98 tpl2 
.n 98 4 104 76 116 99
0000 0
0001 0
0010 0
0011 0
0100 0
0101 0
0110 0
0111 0
1000 0
1001 0
1010 1
1011 0
1100 0
1101 0
1110 0
1111 0

# 99 tpl2_degr 
.n 99 1 98
0 0
1 1

# 100 traf6 
.n 100 1 51
0 0
1 1

# 101 traf6_ub 
.n 101 5 1 21 31 117 112
00000 0
00001 0
00010 0
00011 0
00100 0
00101 0
00110 0
00111 0
01000 0
01001 1
01010 0
01011 0
01100 0
01101 0
01110 0
01111 0
10000 0
10001 0
10010 0
10011 0
10100 0
10101 0
10110 0
10111 0
11000 0
11001 0
11010 0
11011 0
11100 0
11101 0
11110 0
11111 0

# 102 ttp 
.n 102 1 66
0 1
1 0

# 103 upa 
.n 103 2 3 4
00 0
01 0
10 0
11 1

# 104 abin2 
.n 104 0

# 105 mtorc2 
.n 105 0

# 106 pdk1 
.n 106 0

# 107 ck2 
.n 107 0

# 108 ikka 
.n 108 0

# 109 ikkb 
.n 109 0

# 110 sil1r12 
.n 110 0

# 111 irakm 
.n 111 0

# 112 trika1 
.n 112 0

# 113 smyd88 
.n 113 0

# 114 socs1 
.n 114 0

# 115 pten 
.n 115 0

# 116 src 
.n 116 0

# 117 socs3 
.n 117 0

.e End of file
