.v 118

.l 1 ikkaa
.l 2 pro_il1b
.l 3 hnf4a
.l 4 il1rc
.l 5 mek6
.l 6 nuc_p38
.l 7 cebpd
.l 8 tdum_il1r2_il1rc
.l 9 ikka_a
.l 10 p50
.l 11 tollip
.l 12 irak1
.l 13 nemo
.l 14 tdum_cyt_p38_tak1_tab
.l 15 mk2
.l 16 ap1
.l 17 msk1
.l 18 irak1_ub
.l 19 ros
.l 20 irak2
.l 21 akt
.l 22 a20
.l 23 traf6
.l 24 tdum_tpl2_degr_tp2
.l 25 sil1r_ap
.l 26 ikba_degr
.l 27 irs1_ps
.l 28 inos
.l 29 il1a
.l 30 tak1_tab
.l 31 upa
.l 32 hsp27_ps
.l 33 nalp_infl
.l 34 p65
.l 35 cfos
.l 36 il1r1
.l 37 dum_il1_r2
.l 38 erk12
.l 39 myd88
.l 40 il1b
.l 41 dum_cebp_cox2
.l 42 ksrp
.l 43 ikkb_a
.l 44 p105_degr
.l 45 dum_tak1_tab_or_mekk3_ikkb_a
.l 46 mek1
.l 47 atf2
.l 48 dum_mek3_or_4_or_6_nuc_p38
.l 49 irak1c
.l 50 nfkb
.l 51 ttp
.l 52 ikkaa_nemo
.l 53 il1ra
.l 54 tpl2
.l 55 tdum_mkp1_p38_jnk_erk12
.l 56 ccl2
.l 57 jnk
.l 58 sap1
.l 59 dum_ikkab_nemo_akt_or_ck2_p65
.l 60 dum_cebp_il1ra
.l 61 dum_irak1_or_2_traf6_ub
.l 62 hgf
.l 63 dum_cebp_pro_il1b
.l 64 pellino
.l 65 mkp1
.l 66 saa
.l 67 cjun_gene
.l 68 tdum_a20_traf6_ub
.l 69 tpl2_degr
.l 70 il8
.l 71 nc_nfkb_pathway
.l 72 nik
.l 73 dum_sap1_or_elk_cfos
.l 74 traf6_ub
.l 75 gsk3
.l 76 cyt_p38
.l 77 ikba
.l 78 mek3
.l 79 p105
.l 80 ikkab_nemo
.l 81 dum_mek4_or_7_jnk
.l 82 mek7
.l 83 tdum_il1ra_ilr12
.l 84 mek4
.l 85 cox2
.l 86 il1r2
.l 87 dum_il1_r1
.l 88 elk1
.l 89 lbp
.l 90 ikkbb_nemo
.l 91 irak4
.l 92 pro_hgf
.l 93 pi3k
.l 94 il6
.l 95 mekk3
.l 96 dum_cebp_saa
.l 97 ikba_diss
.l 98 tdum_hsp27_ps_traf6_ub
.l 99 cjun
.l 100 il1b_new
.l 101 pip3
.l 102 tdum_irak1c_irak12
.l 103 cebpb
.l 104 dum_ikkab_or_ikkbb_nemo_ikkb_a
.l 105 pdk1
.l 106 socs3
.l 107 irakm
.l 108 abin2
.l 109 ck2
.l 110 ikka
.l 111 ikkb
.l 112 trika1
.l 113 sil1r12
.l 114 mtorc2
.l 115 socs1
.l 116 smyd88
.l 117 src
.l 118 pten

# 1 ikkaa 
.n 1 1 110
1 1
0 0

# 2 pro_il1b 
.n 2 4 50 63 99 109
1111 1
1110 0
1101 0
1100 0
1011 0
1010 0
1001 0
1000 0
0111 0
0110 0
0101 0
0100 0
0011 0
0010 0
0001 0
0000 0

# 3 hnf4a 
.n 3 2 6 19
11 1
10 0
01 0
00 0

# 4 il1rc 
.n 4 3 36 86 113
111 0
110 0
101 0
100 1
011 0
010 0
001 0
000 0

# 5 mek6 
.n 5 2 30 95
11 1
10 1
01 1
00 0

# 6 nuc_p38 
.n 6 2 48 65
11 0
10 1
01 0
00 0

# 7 cebpd 
.n 7 3 50 57 109
111 1
110 0
101 0
100 0
011 0
010 0
001 0
000 0

# 8 tdum_il1r2_il1rc 
.n 8 1 86
1 1
0 0

# 9 ikka_a 
.n 9 2 52 95
11 1
10 0
01 0
00 0

# 10 p50 
.n 10 1 44
1 1
0 0

# 11 tollip 
.n 11 1 4
1 1
0 0

# 12 irak1 
.n 12 5 11 39 49 91 107
11111 0
11110 0
11101 0
11100 0
11011 0
11010 1
11001 0
11000 0
10111 0
10110 0
10101 0
10100 0
10011 0
10010 0
10001 0
10000 0
01111 0
01110 0
01101 0
01100 0
01011 0
01010 0
01001 0
01000 0
00111 0
00110 0
00101 0
00100 0
00011 0
00010 0
00001 0
00000 0

# 13 nemo 
.n 13 1 22
1 0
0 1

# 14 tdum_cyt_p38_tak1_tab 
.n 14 1 76
1 1
0 0

# 15 mk2 
.n 15 1 6
1 1
0 0

# 16 ap1 
.n 16 3 35 47 99
111 1
110 1
101 1
100 1
011 1
010 1
001 1
000 0

# 17 msk1 
.n 17 2 6 38
11 1
10 1
01 1
00 0

# 18 irak1_ub 
.n 18 2 64 112
11 1
10 0
01 0
00 0

# 19 ros 
.n 19 2 28 50
11 0
10 0
01 0
00 1

# 20 irak2 
.n 20 4 11 39 49 91
1111 0
1110 0
1101 1
1100 0
1011 0
1010 0
1001 0
1000 0
0111 0
0110 0
0101 0
0100 0
0011 0
0010 0
0001 0
0000 0

# 21 akt 
.n 21 3 101 105 114
111 1
110 0
101 0
100 0
011 0
010 0
001 0
000 0

# 22 a20 
.n 22 1 108
1 1
0 0

# 23 traf6 
.n 23 1 12
1 1
0 0

# 24 tdum_tpl2_degr_tp2 
.n 24 1 69
1 1
0 0

# 25 sil1r_ap 
.n 25 1 113
1 1
0 0

# 26 ikba_degr 
.n 26 4 1 43 72 109
1111 1
1110 1
1101 1
1100 1
1011 1
1010 1
1001 1
1000 0
0111 1
0110 1
0101 1
0100 1
0011 1
0010 0
0001 1
0000 0

# 27 irs1_ps 
.n 27 3 38 43 57
111 1
110 1
101 1
100 1
011 1
010 1
001 1
000 0

# 28 inos 
.n 28 2 3 50
11 1
10 1
01 1
00 0

# 29 il1a 
.n 29 1 113
1 1
0 0

# 30 tak1_tab 
.n 30 4 74 76 95 112
1111 0
1110 0
1101 0
1100 0
1011 1
1010 0
1001 0
1000 0
0111 0
0110 0
0101 0
0100 0
0011 0
0010 0
0001 0
0000 0

# 31 upa 
.n 31 2 16 47
11 1
10 0
01 0
00 0

# 32 hsp27_ps 
.n 32 1 15
1 1
0 0

# 33 nalp_infl 
.n 33 1 38
1 0
0 1

# 34 p65 
.n 34 2 59 115
11 0
10 1
01 0
00 0

# 35 cfos 
.n 35 2 17 73
11 1
10 0
01 0
00 0

# 36 il1r1 
.n 36 2 53 87
11 0
10 0
01 1
00 0

# 37 dum_il1_r2 
.n 37 2 29 40
11 1
10 1
01 1
00 0

# 38 erk12 
.n 38 2 46 65
11 0
10 1
01 0
00 0

# 39 myd88 
.n 39 1 4
1 1
0 0

# 40 il1b 
.n 40 1 113
1 1
0 0

# 41 dum_cebp_cox2 
.n 41 2 7 103
11 1
10 1
01 1
00 0

# 42 ksrp 
.n 42 1 76
1 0
0 1

# 43 ikkb_a 
.n 43 2 45 104
11 1
10 0
01 0
00 0

# 44 p105_degr 
.n 44 1 43
1 1
0 0

# 45 dum_tak1_tab_or_mekk3_ikkb_a 
.n 45 3 18 30 95
111 1
110 1
101 1
100 0
011 1
010 0
001 1
000 0

# 46 mek1 
.n 46 1 54
1 1
0 0

# 47 atf2 
.n 47 3 6 38 57
111 1
110 1
101 1
100 1
011 1
010 1
001 1
000 0

# 48 dum_mek3_or_4_or_6_nuc_p38 
.n 48 3 5 78 84
111 1
110 1
101 1
100 1
011 1
010 1
001 1
000 0

# 49 irak1c 
.n 49 2 11 39
11 1
10 0
01 0
00 0

# 50 nfkb 
.n 50 3 10 34 77
111 0
110 1
101 0
100 0
011 0
010 0
001 0
000 0

# 51 ttp 
.n 51 1 15
1 0
0 1

# 52 ikkaa_nemo 
.n 52 2 13 110
11 1
10 0
01 0
00 0

# 53 il1ra 
.n 53 3 50 60 113
111 1
110 1
101 1
100 0
011 1
010 0
001 1
000 0

# 54 tpl2 
.n 54 4 69 79 108 117
1111 0
1110 0
1101 0
1100 0
1011 0
1010 0
1001 0
1000 0
0111 0
0110 0
0101 0
0100 0
0011 1
0010 0
0001 0
0000 0

# 55 tdum_mkp1_p38_jnk_erk12 
.n 55 1 65
1 1
0 0

# 56 ccl2 
.n 56 4 16 50 75 99
1111 1
1110 0
1101 0
1100 0
1011 0
1010 0
1001 0
1000 0
0111 0
0110 0
0101 0
0100 0
0011 0
0010 0
0001 0
0000 0

# 57 jnk 
.n 57 2 65 81
11 0
10 0
01 1
00 0

# 58 sap1 
.n 58 3 6 38 57
111 1
110 1
101 1
100 1
011 1
010 1
001 1
000 0

# 59 dum_ikkab_nemo_akt_or_ck2_p65 
.n 59 3 21 80 109
111 1
110 1
101 1
100 0
011 1
010 0
001 1
000 0

# 60 dum_cebp_il1ra 
.n 60 2 7 103
11 1
10 1
01 1
00 0

# 61 dum_irak1_or_2_traf6_ub 
.n 61 2 12 20
11 1
10 1
01 1
00 0

# 62 hgf 
.n 62 2 31 92
11 1
10 0
01 0
00 0

# 63 dum_cebp_pro_il1b 
.n 63 2 7 103
11 1
10 1
01 1
00 0

# 64 pellino 
.n 64 2 12 91
11 1
10 1
01 1
00 0

# 65 mkp1 
.n 65 1 16
1 1
0 0

# 66 saa 
.n 66 2 50 96
11 1
10 0
01 0
00 0

# 67 cjun_gene 
.n 67 1 17
1 1
0 0

# 68 tdum_a20_traf6_ub 
.n 68 1 22
1 1
0 0

# 69 tpl2_degr 
.n 69 1 54
1 1
0 0

# 70 il8 
.n 70 5 16 35 42 50 51
11111 0
11110 0
11101 0
11100 0
11011 0
11010 1
11001 0
11000 0
10111 0
10110 0
10101 0
10100 0
10011 0
10010 0
10001 0
10000 0
01111 0
01110 0
01101 0
01100 0
01011 0
01010 0
01001 0
01000 0
00111 0
00110 0
00101 0
00100 0
00011 0
00010 0
00001 0
00000 0

# 71 nc_nfkb_pathway 
.n 71 2 1 72
11 1
10 0
01 0
00 0

# 72 nik 
.n 72 1 30
1 1
0 0

# 73 dum_sap1_or_elk_cfos 
.n 73 2 58 88
11 1
10 1
01 1
00 0

# 74 traf6_ub 
.n 74 5 22 32 61 106 112
11111 0
11110 0
11101 0
11100 0
11011 0
11010 0
11001 0
11000 0
10111 0
10110 0
10101 0
10100 0
10011 0
10010 0
10001 0
10000 0
01111 0
01110 0
01101 0
01100 0
01011 0
01010 0
01001 0
01000 0
00111 0
00110 0
00101 1
00100 0
00011 0
00010 0
00001 0
00000 0

# 75 gsk3 
.n 75 1 21
1 0
0 1

# 76 cyt_p38 
.n 76 2 6 15
11 1
10 0
01 0
00 0

# 77 ikba 
.n 77 3 26 50 97
111 1
110 1
101 0
100 0
011 1
010 1
001 0
000 1

# 78 mek3 
.n 78 2 30 95
11 1
10 1
01 1
00 0

# 79 p105 
.n 79 1 44
1 0
0 1

# 80 ikkab_nemo 
.n 80 3 13 110 111
111 1
110 0
101 0
100 0
011 0
010 0
001 0
000 0

# 81 dum_mek4_or_7_jnk 
.n 81 2 82 84
11 1
10 1
01 1
00 0

# 82 mek7 
.n 82 2 30 95
11 1
10 1
01 1
00 0

# 83 tdum_il1ra_ilr12 
.n 83 1 53
1 1
0 0

# 84 mek4 
.n 84 2 30 95
11 1
10 1
01 1
00 0

# 85 cox2 
.n 85 4 16 41 50 99
1111 1
1110 1
1101 1
1100 1
1011 1
1010 1
1001 1
1000 1
0111 1
0110 1
0101 1
0100 1
0011 1
0010 1
0001 1
0000 0

# 86 il1r2 
.n 86 2 37 53
11 0
10 1
01 0
00 0

# 87 dum_il1_r1 
.n 87 2 29 40
11 1
10 1
01 1
00 0

# 88 elk1 
.n 88 3 6 38 57
111 1
110 1
101 1
100 1
011 1
010 1
001 1
000 0

# 89 lbp 
.n 89 2 16 103
11 1
10 0
01 0
00 0

# 90 ikkbb_nemo 
.n 90 2 13 111
11 1
10 0
01 0
00 0

# 91 irak4 
.n 91 2 39 116
11 0
10 1
01 0
00 0

# 92 pro_hgf 
.n 92 2 7 103
11 1
10 1
01 1
00 0

# 93 pi3k 
.n 93 2 4 39
11 1
10 1
01 1
00 0

# 94 il6 
.n 94 6 16 42 50 51 75 103
111111 0
111110 0
111101 0
111100 0
111011 0
111010 0
111001 0
111000 0
110111 0
110110 0
110101 0
110100 0
110011 0
110010 0
110001 0
110000 0
101111 0
101110 0
101101 0
101100 0
101011 1
101010 0
101001 0
101000 0
100111 0
100110 0
100101 0
100100 0
100011 0
100010 0
100001 0
100000 0
011111 0
011110 0
011101 0
011100 0
011011 0
011010 0
011001 0
011000 0
010111 0
010110 0
010101 0
010100 0
010011 0
010010 0
010001 0
010000 0
001111 0
001110 0
001101 0
001100 0
001011 0
001010 0
001001 0
001000 0
000111 0
000110 0
000101 0
000100 0
000011 0
000010 0
000001 0
000000 0

# 95 mekk3 
.n 95 2 23 74
11 1
10 1
01 1
00 0

# 96 dum_cebp_saa 
.n 96 2 7 103
11 1
10 1
01 1
00 0

# 97 ikba_diss 
.n 97 1 9
1 1
0 0

# 98 tdum_hsp27_ps_traf6_ub 
.n 98 1 32
1 1
0 0

# 99 cjun 
.n 99 2 57 67
11 1
10 1
01 1
00 0

# 100 il1b_new 
.n 100 2 2 33
11 1
10 0
01 0
00 0

# 101 pip3 
.n 101 2 93 118
11 0
10 1
01 0
00 0

# 102 tdum_irak1c_irak12 
.n 102 1 49
1 1
0 0

# 103 cebpb 
.n 103 2 6 38
11 1
10 1
01 1
00 0

# 104 dum_ikkab_or_ikkbb_nemo_ikkb_a 
.n 104 2 80 90
11 1
10 1
01 1
00 0

# 105 pdk1 
.n 105 0

# 106 socs3 
.n 106 0

# 107 irakm 
.n 107 0

# 108 abin2 
.n 108 0

# 109 ck2 
.n 109 0

# 110 ikka 
.n 110 0

# 111 ikkb 
.n 111 0

# 112 trika1 
.n 112 0

# 113 sil1r12 
.n 113 0

# 114 mtorc2 
.n 114 0

# 115 socs1 
.n 115 0

# 116 smyd88 
.n 116 0

# 117 src 
.n 117 0

# 118 pten 
.n 118 0

.e End of file
