.v 86

.l 1 grb2_sos
.l 2 jak1
.l 3 gsk3
.l 4 irs1_py
.l 5 pi3k
.l 6 camk24
.l 7 gab1_mem
.l 8 gp130s
.l 9 dum_gab1_kin_or_jak1_gab1_mem_p
.l 10 irs1_ps
.l 11 tdum_shp2_il6rc_p
.l 12 stat1_ta
.l 13 gp80s_a
.l 14 mtorc1
.l 15 p38
.l 16 tdum_socs3_shp2
.l 17 junb
.l 18 socs3
.l 19 dum_il6rc_p_or_grb2_vav
.l 20 cam_ca
.l 21 plcg
.l 22 a2m_gfbg
.l 23 dum_cebp_saa
.l 24 shp2
.l 25 var_app
.l 26 socs1
.l 27 mek6
.l 28 cfos
.l 29 mekk1
.l 30 gp80m_a
.l 31 tdum_socs1_vav
.l 32 pro_proliferative
.l 33 ip3
.l 34 dum_pkcd_camk24_stat1_ta
.l 35 ras
.l 36 stat3_py
.l 37 cebpb
.l 38 pkcd
.l 39 cmyc
.l 40 ca
.l 41 mek1
.l 42 tdum_shp2_stat3_py
.l 43 cebpd
.l 44 casp9
.l 45 bad
.l 46 mtorc2
.l 47 pro_hgf
.l 48 anti_apoptotic
.l 49 pip3
.l 50 mek4
.l 51 rac1
.l 52 stat3_ta
.l 53 il6rc
.l 54 raf1
.l 55 dum_gp80_a_il6rc
.l 56 ras_gap
.l 57 gab1_mem_p
.l 58 p70s6k
.l 59 crp
.l 60 tdum_shp2_stat1_py
.l 61 ir
.l 62 erk12
.l 63 mk2
.l 64 fkhr
.l 65 il6rc_p
.l 66 shp2_a
.l 67 vav
.l 68 akt
.l 69 stat1_py
.l 70 dum_mtorc1_or_pkcd_stat3_ta
.l 71 saa
.l 72 mtor
.l 73 nfkb
.l 74 sirp1a
.l 75 gab1_kin
.l 76 pias3
.l 77 pten
.l 78 cyt_ptpe
.l 79 il6
.l 80 pdk1
.l 81 ship
.l 82 phlpp
.l 83 pias1
.l 84 ros
.l 85 gp130m
.l 86 slim

# 1 grb2_sos 
.n 1 2 24 65
11 1
10 1
01 1
00 0

# 2 jak1 
.n 2 4 18 24 26 66
1111 0
1110 0
1101 0
1100 0
1011 0
1010 0
1001 0
1000 0
0111 0
0110 0
0101 0
0100 0
0011 0
0010 0
0001 0
0000 1

# 3 gsk3 
.n 3 1 68
1 0
0 1

# 4 irs1_py 
.n 4 3 10 24 66
111 0
110 0
101 0
100 0
011 0
010 0
001 0
000 1

# 5 pi3k 
.n 5 3 35 57 66
111 1
110 1
101 1
100 1
011 0
010 1
001 0
000 0

# 6 camk24 
.n 6 1 20
1 1
0 0

# 7 gab1_mem 
.n 7 3 1 49 62
111 1
110 1
101 1
100 1
011 1
010 0
001 0
000 0

# 8 gp130s 
.n 8 2 6 63
11 0
10 0
01 0
00 1

# 9 dum_gab1_kin_or_jak1_gab1_mem_p 
.n 9 2 2 75
11 1
10 1
01 1
00 0

# 10 irs1_ps 
.n 10 2 38 62
11 1
10 1
01 1
00 0

# 11 tdum_shp2_il6rc_p 
.n 11 2 24 66
11 1
10 1
01 1
00 0

# 12 stat1_ta 
.n 12 4 34 69 83 86
1111 0
1110 0
1101 0
1100 1
1011 0
1010 0
1001 0
1000 0
0111 0
0110 0
0101 0
0100 0
0011 0
0010 0
0001 0
0000 0

# 13 gp80s_a 
.n 13 2 8 79
11 0
10 0
01 1
00 0

# 14 mtorc1 
.n 14 1 72
1 1
0 0

# 15 p38 
.n 15 1 27
1 1
0 0

# 16 tdum_socs3_shp2 
.n 16 1 18
1 1
0 0

# 17 junb 
.n 17 1 52
1 1
0 0

# 18 socs3 
.n 18 4 15 52 62 73
1111 1
1110 1
1101 1
1100 1
1011 1
1010 1
1001 1
1000 1
0111 1
0110 1
0101 1
0100 1
0011 1
0010 1
0001 1
0000 0

# 19 dum_il6rc_p_or_grb2_vav 
.n 19 2 1 65
11 1
10 1
01 1
00 0

# 20 cam_ca 
.n 20 1 40
1 1
0 0

# 21 plcg 
.n 21 1 57
1 1
0 0

# 22 a2m_gfbg 
.n 22 2 52 73
11 0
10 1
01 0
00 0

# 23 dum_cebp_saa 
.n 23 2 37 43
11 1
10 1
01 1
00 0

# 24 shp2 
.n 24 5 2 18 65 74 84
11111 0
11110 0
11101 0
11100 0
11011 0
11010 0
11001 0
11000 0
10111 0
10110 0
10101 0
10100 1
10011 0
10010 0
10001 0
10000 0
01111 0
01110 0
01101 0
01100 0
01011 0
01010 0
01001 0
01000 0
00111 0
00110 0
00101 0
00100 0
00011 0
00010 0
00001 0
00000 0

# 25 var_app 
.n 25 2 37 43
11 1
10 1
01 1
00 0

# 26 socs1 
.n 26 1 52
1 1
0 0

# 27 mek6 
.n 27 1 65
1 1
0 0

# 28 cfos 
.n 28 1 52
1 1
0 0

# 29 mekk1 
.n 29 1 51
1 1
0 0

# 30 gp80m_a 
.n 30 1 79
1 1
0 0

# 31 tdum_socs1_vav 
.n 31 1 26
1 1
0 0

# 32 pro_proliferative 
.n 32 6 6 37 52 58 62 64
111111 1
111110 1
111101 1
111100 1
111011 1
111010 1
111001 1
111000 1
110111 1
110110 1
110101 1
110100 1
110011 1
110010 1
110001 1
110000 1
101111 1
101110 1
101101 1
101100 1
101011 1
101010 1
101001 1
101000 1
100111 1
100110 1
100101 1
100100 1
100011 1
100010 1
100001 1
100000 1
011111 1
011110 1
011101 1
011100 1
011011 1
011010 1
011001 1
011000 1
010111 1
010110 1
010101 1
010100 1
010011 1
010010 1
010001 0
010000 0
001111 1
001110 1
001101 1
001100 1
001011 1
001010 1
001001 1
001000 1
000111 1
000110 1
000101 1
000100 1
000011 1
000010 1
000001 0
000000 1

# 33 ip3 
.n 33 1 21
1 1
0 0

# 34 dum_pkcd_camk24_stat1_ta 
.n 34 2 6 38
11 1
10 1
01 1
00 0

# 35 ras 
.n 35 2 1 56
11 0
10 1
01 0
00 0

# 36 stat3_py 
.n 36 5 2 24 65 66 78
11111 0
11110 0
11101 0
11100 0
11011 0
11010 0
11001 0
11000 0
10111 0
10110 0
10101 0
10100 1
10011 0
10010 0
10001 0
10000 0
01111 0
01110 0
01101 0
01100 0
01011 0
01010 0
01001 0
01000 0
00111 0
00110 0
00101 0
00100 0
00011 0
00010 0
00001 0
00000 0

# 37 cebpb 
.n 37 2 15 52
11 1
10 1
01 1
00 0

# 38 pkcd 
.n 38 1 50
1 1
0 0

# 39 cmyc 
.n 39 1 52
1 1
0 0

# 40 ca 
.n 40 1 33
1 1
0 0

# 41 mek1 
.n 41 1 54
1 1
0 0

# 42 tdum_shp2_stat3_py 
.n 42 2 24 66
11 1
10 1
01 1
00 0

# 43 cebpd 
.n 43 1 52
1 1
0 0

# 44 casp9 
.n 44 1 68
1 0
0 1

# 45 bad 
.n 45 1 68
1 0
0 1

# 46 mtorc2 
.n 46 1 72
1 1
0 0

# 47 pro_hgf 
.n 47 2 37 43
11 1
10 1
01 1
00 0

# 48 anti_apoptotic 
.n 48 4 3 44 45 52
1111 0
1110 0
1101 0
1100 0
1011 0
1010 0
1001 0
1000 0
0111 0
0110 0
0101 0
0100 0
0011 0
0010 0
0001 1
0000 0

# 49 pip3 
.n 49 2 5 77
11 0
10 1
01 0
00 0

# 50 mek4 
.n 50 1 29
1 1
0 0

# 51 rac1 
.n 51 1 67
1 1
0 0

# 52 stat3_ta 
.n 52 4 36 70 76 86
1111 0
1110 0
1101 0
1100 1
1011 0
1010 0
1001 0
1000 0
0111 0
0110 0
0101 0
0100 0
0011 0
0010 0
0001 0
0000 0

# 53 il6rc 
.n 53 2 55 85
11 1
10 0
01 0
00 0

# 54 raf1 
.n 54 1 35
1 1
0 0

# 55 dum_gp80_a_il6rc 
.n 55 2 13 30
11 1
10 1
01 1
00 0

# 56 ras_gap 
.n 56 2 57 66
11 0
10 1
01 0
00 0

# 57 gab1_mem_p 
.n 57 2 7 9
11 1
10 0
01 0
00 0

# 58 p70s6k 
.n 58 3 14 62 68
111 1
110 1
101 1
100 1
011 1
010 1
001 1
000 0

# 59 crp 
.n 59 3 28 52 73
111 0
110 1
101 0
100 0
011 0
010 0
001 0
000 0

# 60 tdum_shp2_stat1_py 
.n 60 2 24 66
11 1
10 1
01 1
00 0

# 61 ir 
.n 61 2 18 26
11 0
10 0
01 0
00 1

# 62 erk12 
.n 62 1 41
1 1
0 0

# 63 mk2 
.n 63 1 15
1 1
0 0

# 64 fkhr 
.n 64 1 68
1 0
0 1

# 65 il6rc_p 
.n 65 4 2 24 53 66
1111 0
1110 0
1101 0
1100 0
1011 0
1010 1
1001 0
1000 0
0111 0
0110 0
0101 0
0100 0
0011 0
0010 0
0001 0
0000 0

# 66 shp2_a 
.n 66 4 24 57 74 84
1111 0
1110 0
1101 0
1100 1
1011 0
1010 0
1001 0
1000 0
0111 0
0110 0
0101 0
0100 0
0011 0
0010 0
0001 0
0000 0

# 67 vav 
.n 67 2 19 26
11 0
10 1
01 0
00 0

# 68 akt 
.n 68 5 46 49 80 81 82
11111 0
11110 0
11101 0
11100 1
11011 0
11010 0
11001 0
11000 0
10111 0
10110 0
10101 0
10100 0
10011 0
10010 0
10001 0
10000 0
01111 0
01110 0
01101 0
01100 0
01011 0
01010 0
01001 0
01000 0
00111 0
00110 0
00101 0
00100 0
00011 0
00010 0
00001 0
00000 0

# 69 stat1_py 
.n 69 5 2 24 65 66 78
11111 0
11110 0
11101 0
11100 0
11011 0
11010 0
11001 0
11000 0
10111 0
10110 0
10101 0
10100 1
10011 0
10010 0
10001 0
10000 0
01111 0
01110 0
01101 0
01100 0
01011 0
01010 0
01001 0
01000 0
00111 0
00110 0
00101 0
00100 0
00011 0
00010 0
00001 0
00000 0

# 70 dum_mtorc1_or_pkcd_stat3_ta 
.n 70 2 14 38
11 1
10 1
01 1
00 0

# 71 saa 
.n 71 3 23 52 73
111 1
110 0
101 0
100 0
011 0
010 0
001 0
000 0

# 72 mtor 
.n 72 0

# 73 nfkb 
.n 73 0

# 74 sirp1a 
.n 74 0

# 75 gab1_kin 
.n 75 0

# 76 pias3 
.n 76 0

# 77 pten 
.n 77 0

# 78 cyt_ptpe 
.n 78 0

# 79 il6 
.n 79 0

# 80 pdk1 
.n 80 0

# 81 ship 
.n 81 0

# 82 phlpp 
.n 82 0

# 83 pias1 
.n 83 0

# 84 ros 
.n 84 0

# 85 gp130m 
.n 85 0

# 86 slim 
.n 86 0

.e End of file
