.v 131

.l 1 pro_vRNP_NP_M1_nuc
.l 2 pro_vRNP_PA_M1_cyto
.l 3 vRNA_M_M1
.l 4 IVA_LE
.l 5 M1_M1
.l 6 Raf
.l 7 mRNA_M1_nuc
.l 8 vRNA_NA_M1
.l 9 cRNP_M
.l 10 vRNA_HA_M1
.l 11 temp_vRNP_NS_nuc
.l 12 mRNA_M2_nuc
.l 13 PB1_PA_nuc
.l 14 vRNA_PA_M1
.l 15 cRNP_HA
.l 16 mRNA_NP_cyto
.l 17 par_vRNP_HA_cyto
.l 18 mRNA_PB1_cyto
.l 19 PB2_nuc
.l 20 par_vRNP_NP_cyto
.l 21 HA_cyto
.l 22 cRNA_NS
.l 23 mRNA_HA_nuc
.l 24 PB1_PA_cyto
.l 25 PKC
.l 26 NA_cyto
.l 27 par_vRNP_M_cyto
.l 28 pro_vRNP_PB1_M1_cyto
.l 29 cRNA_PB1
.l 30 pro_vRNP_NP_M1_cyto
.l 31 vRNA_PB2
.l 32 NS2_CellularFactor
.l 33 pro_vRNP_PA_M1_nuc
.l 34 ERK
.l 35 HA_LipidRafts
.l 36 mRNA_NA_cyto
.l 37 PB1_cyto
.l 38 par_vRNP_PB2_cyto
.l 39 cRNP_NA
.l 40 vRNA_NA
.l 41 mRNA_NA_nuc
.l 42 PIP2
.l 43 pro_vRNP_NS_M1_nuc
.l 44 IVA_ME
.l 45 pro_vRNP_M_M1_nuc
.l 46 cRNA_PA
.l 47 par_vRNP_PA_cyto
.l 48 cRNA_M
.l 49 vRNA_NS_M1
.l 50 IVA_HA1_HA2
.l 51 cRNP_PA
.l 52 cRNP_PB1
.l 53 NA_LipidRafts
.l 54 mRNA_M1_cyto
.l 55 vRNA_NP
.l 56 vRNA_PB1
.l 57 IVA_SialicAcid
.l 58 RTK
.l 59 mRNA_NS1_cyto
.l 60 mRNA_PB2_cyto
.l 61 mRNA_HA_cyto
.l 62 cRNA_PB2
.l 63 MEK
.l 64 par_vRNP_NA_cyto
.l 65 temp_vRNP_NA_nuc
.l 66 vRNA_PB2_M1
.l 67 vRNA_PA
.l 68 temp_vRNP_M_nuc
.l 69 cRNP_NS
.l 70 mRNA_NS2_nuc
.l 71 cRNP_NP
.l 72 pro_vRNP_PB2_M1_cyto
.l 73 cRNA_NP
.l 74 par_vRNP_PB1_cyto
.l 75 IVA_EE
.l 76 IVA_SialicAcid_CCV
.l 77 Progeny_Virion
.l 78 mRNA_NS2_cyto
.l 79 M1_nuc
.l 80 mRNA_PA_cyto
.l 81 vRNA_PB1_M1
.l 82 NP_cyto
.l 83 pro_vRNP_HA_M1_cyto
.l 84 mRNA_M2_cyto
.l 85 pro_vRNP_PB2_M1_nuc
.l 86 IVA_SialicAcid_CCP
.l 87 vRNA_NP_M1
.l 88 mRNA_PA_nuc
.l 89 pro_vRNP_M_M1_cyto
.l 90 cRNA_NA
.l 91 temp_vRNP_PB1_nuc
.l 92 Infected
.l 93 pro_vRNP_HA_M1_nuc
.l 94 PIP3
.l 95 cRNA_HA
.l 96 temp_vRNP_PB2_nuc
.l 97 temp_vRNP_PA_nuc
.l 98 M2_cyto
.l 99 vRNA_NS
.l 100 PB2_cyto
.l 101 NP_nuc
.l 102 pro_vRNP_PB1_M1_nuc
.l 103 par_vRNP_NS_cyto
.l 104 NS2_cyto
.l 105 NS1_cyto
.l 106 M1_cyto
.l 107 PI3K
.l 108 mRNA_PB2_nuc
.l 109 mRNA_NP_nuc
.l 110 vRNA_M
.l 111 PA_cyto
.l 112 mRNA_PB1_nuc
.l 113 temp_vRNP_HA_nuc
.l 114 pro_vRNP_NS_M1_cyto
.l 115 cRNP_PB2
.l 116 pro_vRNP_NA_M1_nuc
.l 117 temp_vRNP_NP_nuc
.l 118 mRNA_NS1_nuc
.l 119 vRNA_HA
.l 120 pro_vRNP_NA_M1_cyto
.l 121 Bisindolylmaleimide_I
.l 122 Neuraminidase_inhibitor
.l 123 HA_SialicAcid_Affinity
.l 124 PB1_Inhibitor
.l 125 M2_inhibitor
.l 126 Methyl_Beta_Cyclodextrin
.l 127 U0126
.l 128 Wortmannin
.l 129 PB1_PA_Interface_Inhibitor
.l 130 RTK_Inhibitor
.l 131 Viral_Dose

# 1 pro_vRNP_NP_M1_nuc 
.n 1 5 13 19 30 87 101
11111 0
11110 0
11101 0
11100 0
11011 1
11010 0
11001 0
11000 0
10111 0
10110 0
10101 0
10100 0
10011 0
10010 0
10001 0
10000 0
01111 0
01110 0
01101 0
01100 0
01011 0
01010 0
01001 0
01000 0
00111 0
00110 0
00101 0
00100 0
00011 0
00010 0
00001 0
00000 0

# 2 pro_vRNP_PA_M1_cyto 
.n 2 3 32 33 104
111 1
110 0
101 0
100 0
011 0
010 0
001 0
000 0

# 3 vRNA_M_M1 
.n 3 2 79 110
11 1
10 0
01 0
00 0

# 4 IVA_LE 
.n 4 3 25 44 125
111 0
110 1
101 0
100 0
011 0
010 0
001 0
000 0

# 5 M1_M1 
.n 5 9 3 8 10 14 49 66 81 87 106
111111111 0
111111110 0
111111101 0
111111100 0
111111011 0
111111010 0
111111001 0
111111000 0
111110111 0
111110110 0
111110101 0
111110100 0
111110011 0
111110010 0
111110001 0
111110000 0
111101111 0
111101110 0
111101101 0
111101100 0
111101011 0
111101010 0
111101001 0
111101000 0
111100111 0
111100110 0
111100101 0
111100100 0
111100011 0
111100010 0
111100001 0
111100000 0
111011111 0
111011110 0
111011101 0
111011100 0
111011011 0
111011010 0
111011001 0
111011000 0
111010111 0
111010110 0
111010101 0
111010100 0
111010011 0
111010010 0
111010001 0
111010000 0
111001111 0
111001110 0
111001101 0
111001100 0
111001011 0
111001010 0
111001001 0
111001000 0
111000111 0
111000110 0
111000101 0
111000100 0
111000011 0
111000010 0
111000001 0
111000000 0
110111111 0
110111110 0
110111101 0
110111100 0
110111011 0
110111010 0
110111001 0
110111000 0
110110111 0
110110110 0
110110101 0
110110100 0
110110011 0
110110010 0
110110001 0
110110000 0
110101111 0
110101110 0
110101101 0
110101100 0
110101011 0
110101010 0
110101001 0
110101000 0
110100111 0
110100110 0
110100101 0
110100100 0
110100011 0
110100010 0
110100001 0
110100000 0
110011111 0
110011110 0
110011101 0
110011100 0
110011011 0
110011010 0
110011001 0
110011000 0
110010111 0
110010110 0
110010101 0
110010100 0
110010011 0
110010010 0
110010001 0
110010000 0
110001111 0
110001110 0
110001101 0
110001100 0
110001011 0
110001010 0
110001001 0
110001000 0
110000111 0
110000110 0
110000101 0
110000100 0
110000011 0
110000010 0
110000001 0
110000000 0
101111111 0
101111110 0
101111101 0
101111100 0
101111011 0
101111010 0
101111001 0
101111000 0
101110111 0
101110110 0
101110101 0
101110100 0
101110011 0
101110010 0
101110001 0
101110000 0
101101111 0
101101110 0
101101101 0
101101100 0
101101011 0
101101010 0
101101001 0
101101000 0
101100111 0
101100110 0
101100101 0
101100100 0
101100011 0
101100010 0
101100001 0
101100000 0
101011111 0
101011110 0
101011101 0
101011100 0
101011011 0
101011010 0
101011001 0
101011000 0
101010111 0
101010110 0
101010101 0
101010100 0
101010011 0
101010010 0
101010001 0
101010000 0
101001111 0
101001110 0
101001101 0
101001100 0
101001011 0
101001010 0
101001001 0
101001000 0
101000111 0
101000110 0
101000101 0
101000100 0
101000011 0
101000010 0
101000001 0
101000000 0
100111111 0
100111110 0
100111101 0
100111100 0
100111011 0
100111010 0
100111001 0
100111000 0
100110111 0
100110110 0
100110101 0
100110100 0
100110011 0
100110010 0
100110001 0
100110000 0
100101111 0
100101110 0
100101101 0
100101100 0
100101011 0
100101010 0
100101001 0
100101000 0
100100111 0
100100110 0
100100101 0
100100100 0
100100011 0
100100010 0
100100001 0
100100000 0
100011111 0
100011110 0
100011101 0
100011100 0
100011011 0
100011010 0
100011001 0
100011000 0
100010111 0
100010110 0
100010101 0
100010100 0
100010011 0
100010010 0
100010001 0
100010000 0
100001111 0
100001110 0
100001101 0
100001100 0
100001011 0
100001010 0
100001001 0
100001000 0
100000111 0
100000110 0
100000101 0
100000100 0
100000011 0
100000010 0
100000001 0
100000000 0
011111111 0
011111110 0
011111101 0
011111100 0
011111011 0
011111010 0
011111001 0
011111000 0
011110111 0
011110110 0
011110101 0
011110100 0
011110011 0
011110010 0
011110001 0
011110000 0
011101111 0
011101110 0
011101101 0
011101100 0
011101011 0
011101010 0
011101001 0
011101000 0
011100111 0
011100110 0
011100101 0
011100100 0
011100011 0
011100010 0
011100001 0
011100000 0
011011111 0
011011110 0
011011101 0
011011100 0
011011011 0
011011010 0
011011001 0
011011000 0
011010111 0
011010110 0
011010101 0
011010100 0
011010011 0
011010010 0
011010001 0
011010000 0
011001111 0
011001110 0
011001101 0
011001100 0
011001011 0
011001010 0
011001001 0
011001000 0
011000111 0
011000110 0
011000101 0
011000100 0
011000011 0
011000010 0
011000001 0
011000000 0
010111111 0
010111110 0
010111101 0
010111100 0
010111011 0
010111010 0
010111001 0
010111000 0
010110111 0
010110110 0
010110101 0
010110100 0
010110011 0
010110010 0
010110001 0
010110000 0
010101111 0
010101110 0
010101101 0
010101100 0
010101011 0
010101010 0
010101001 0
010101000 0
010100111 0
010100110 0
010100101 0
010100100 0
010100011 0
010100010 0
010100001 0
010100000 0
010011111 0
010011110 0
010011101 0
010011100 0
010011011 0
010011010 0
010011001 0
010011000 0
010010111 0
010010110 0
010010101 0
010010100 0
010010011 0
010010010 0
010010001 0
010010000 0
010001111 0
010001110 0
010001101 0
010001100 0
010001011 0
010001010 0
010001001 0
010001000 0
010000111 0
010000110 0
010000101 0
010000100 0
010000011 0
010000010 0
010000001 0
010000000 0
001111111 0
001111110 0
001111101 0
001111100 0
001111011 0
001111010 0
001111001 0
001111000 0
001110111 0
001110110 0
001110101 0
001110100 0
001110011 0
001110010 0
001110001 0
001110000 0
001101111 0
001101110 0
001101101 0
001101100 0
001101011 0
001101010 0
001101001 0
001101000 0
001100111 0
001100110 0
001100101 0
001100100 0
001100011 0
001100010 0
001100001 0
001100000 0
001011111 0
001011110 0
001011101 0
001011100 0
001011011 0
001011010 0
001011001 0
001011000 0
001010111 0
001010110 0
001010101 0
001010100 0
001010011 0
001010010 0
001010001 0
001010000 0
001001111 0
001001110 0
001001101 0
001001100 0
001001011 0
001001010 0
001001001 0
001001000 0
001000111 0
001000110 0
001000101 0
001000100 0
001000011 0
001000010 0
001000001 0
001000000 0
000111111 0
000111110 0
000111101 0
000111100 0
000111011 0
000111010 0
000111001 0
000111000 0
000110111 0
000110110 0
000110101 0
000110100 0
000110011 0
000110010 0
000110001 0
000110000 0
000101111 0
000101110 0
000101101 0
000101100 0
000101011 0
000101010 0
000101001 0
000101000 0
000100111 0
000100110 0
000100101 0
000100100 0
000100011 0
000100010 0
000100001 0
000100000 0
000011111 0
000011110 0
000011101 0
000011100 0
000011011 0
000011010 0
000011001 0
000011000 0
000010111 0
000010110 0
000010101 0
000010100 0
000010011 0
000010010 0
000010001 0
000010000 0
000001111 0
000001110 0
000001101 0
000001100 0
000001011 0
000001010 0
000001001 0
000001000 0
000000111 0
000000110 0
000000101 0
000000100 0
000000011 0
000000010 0
000000001 1
000000000 0

# 6 Raf 
.n 6 2 25 92
11 1
10 0
01 0
00 0

# 7 mRNA_M1_nuc 
.n 7 1 68
1 1
0 0

# 8 vRNA_NA_M1 
.n 8 2 40 79
11 1
10 0
01 0
00 0

# 9 cRNP_M 
.n 9 4 13 19 48 101
1111 1
1110 0
1101 0
1100 0
1011 0
1010 0
1001 0
1000 0
0111 0
0110 0
0101 0
0100 0
0011 0
0010 0
0001 0
0000 0

# 10 vRNA_HA_M1 
.n 10 2 79 119
11 1
10 0
01 0
00 0

# 11 temp_vRNP_NS_nuc 
.n 11 5 13 19 99 101 103
11111 1
11110 1
11101 1
11100 0
11011 1
11010 0
11001 1
11000 0
10111 1
10110 0
10101 1
10100 0
10011 1
10010 0
10001 1
10000 0
01111 1
01110 0
01101 1
01100 0
01011 1
01010 0
01001 1
01000 0
00111 1
00110 0
00101 1
00100 0
00011 1
00010 0
00001 1
00000 0

# 12 mRNA_M2_nuc 
.n 12 1 68
1 1
0 0

# 13 PB1_PA_nuc 
.n 13 1 24
1 1
0 0

# 14 vRNA_PA_M1 
.n 14 2 67 79
11 1
10 0
01 0
00 0

# 15 cRNP_HA 
.n 15 4 13 19 95 101
1111 1
1110 0
1101 0
1100 0
1011 0
1010 0
1001 0
1000 0
0111 0
0110 0
0101 0
0100 0
0011 0
0010 0
0001 0
0000 0

# 16 mRNA_NP_cyto 
.n 16 1 109
1 1
0 0

# 17 par_vRNP_HA_cyto 
.n 17 1 4
1 1
0 0

# 18 mRNA_PB1_cyto 
.n 18 1 112
1 1
0 0

# 19 PB2_nuc 
.n 19 1 100
1 1
0 0

# 20 par_vRNP_NP_cyto 
.n 20 1 4
1 1
0 0

# 21 HA_cyto 
.n 21 1 61
1 1
0 0

# 22 cRNA_NS 
.n 22 5 11 13 19 69 101
11111 1
11110 1
11101 1
11100 1
11011 0
11010 0
11001 0
11000 0
10111 0
10110 0
10101 0
10100 0
10011 0
10010 0
10001 0
10000 0
01111 1
01110 1
01101 0
01100 0
01011 0
01010 0
01001 0
01000 0
00111 0
00110 0
00101 0
00100 0
00011 0
00010 0
00001 0
00000 0

# 23 mRNA_HA_nuc 
.n 23 1 113
1 1
0 0

# 24 PB1_PA_cyto 
.n 24 3 37 111 129
111 0
110 1
101 0
100 0
011 0
010 0
001 0
000 0

# 25 PKC 
.n 25 3 35 107 121
111 0
110 1
101 0
100 1
011 0
010 1
001 0
000 0

# 26 NA_cyto 
.n 26 1 36
1 1
0 0

# 27 par_vRNP_M_cyto 
.n 27 1 4
1 1
0 0

# 28 pro_vRNP_PB1_M1_cyto 
.n 28 3 32 102 104
111 1
110 0
101 0
100 0
011 0
010 0
001 0
000 0

# 29 cRNA_PB1 
.n 29 5 13 19 52 91 101
11111 1
11110 1
11101 1
11100 1
11011 1
11010 1
11001 0
11000 0
10111 0
10110 0
10101 0
10100 0
10011 0
10010 0
10001 0
10000 0
01111 0
01110 0
01101 0
01100 0
01011 0
01010 0
01001 0
01000 0
00111 0
00110 0
00101 0
00100 0
00011 0
00010 0
00001 0
00000 0

# 30 pro_vRNP_NP_M1_cyto 
.n 30 3 1 32 104
111 1
110 0
101 0
100 0
011 0
010 0
001 0
000 0

# 31 vRNA_PB2 
.n 31 1 62
1 1
0 0

# 32 NS2_CellularFactor 
.n 32 1 34
1 1
0 0

# 33 pro_vRNP_PA_M1_nuc 
.n 33 5 2 13 14 19 101
11111 0
11110 0
11101 0
11100 0
11011 0
11010 0
11001 0
11000 0
10111 0
10110 0
10101 0
10100 0
10011 0
10010 0
10001 0
10000 0
01111 1
01110 0
01101 0
01100 0
01011 0
01010 0
01001 0
01000 0
00111 0
00110 0
00101 0
00100 0
00011 0
00010 0
00001 0
00000 0

# 34 ERK 
.n 34 1 63
1 1
0 0

# 35 HA_LipidRafts 
.n 35 2 21 126
11 0
10 1
01 0
00 0

# 36 mRNA_NA_cyto 
.n 36 1 41
1 1
0 0

# 37 PB1_cyto 
.n 37 2 18 124
11 0
10 1
01 0
00 0

# 38 par_vRNP_PB2_cyto 
.n 38 1 4
1 1
0 0

# 39 cRNP_NA 
.n 39 4 13 19 90 101
1111 1
1110 0
1101 0
1100 0
1011 0
1010 0
1001 0
1000 0
0111 0
0110 0
0101 0
0100 0
0011 0
0010 0
0001 0
0000 0

# 40 vRNA_NA 
.n 40 1 90
1 1
0 0

# 41 mRNA_NA_nuc 
.n 41 1 65
1 1
0 0

# 42 PIP2 
.n 42 1 107
1 1
0 0

# 43 pro_vRNP_NS_M1_nuc 
.n 43 5 13 19 49 101 114
11111 0
11110 1
11101 0
11100 0
11011 0
11010 0
11001 0
11000 0
10111 0
10110 0
10101 0
10100 0
10011 0
10010 0
10001 0
10000 0
01111 0
01110 0
01101 0
01100 0
01011 0
01010 0
01001 0
01000 0
00111 0
00110 0
00101 0
00100 0
00011 0
00010 0
00001 0
00000 0

# 44 IVA_ME 
.n 44 1 75
1 1
0 0

# 45 pro_vRNP_M_M1_nuc 
.n 45 5 3 13 19 89 101
11111 0
11110 0
11101 1
11100 0
11011 0
11010 0
11001 0
11000 0
10111 0
10110 0
10101 0
10100 0
10011 0
10010 0
10001 0
10000 0
01111 0
01110 0
01101 0
01100 0
01011 0
01010 0
01001 0
01000 0
00111 0
00110 0
00101 0
00100 0
00011 0
00010 0
00001 0
00000 0

# 46 cRNA_PA 
.n 46 5 13 19 51 97 101
11111 1
11110 1
11101 1
11100 1
11011 1
11010 1
11001 0
11000 0
10111 0
10110 0
10101 0
10100 0
10011 0
10010 0
10001 0
10000 0
01111 0
01110 0
01101 0
01100 0
01011 0
01010 0
01001 0
01000 0
00111 0
00110 0
00101 0
00100 0
00011 0
00010 0
00001 0
00000 0

# 47 par_vRNP_PA_cyto 
.n 47 1 4
1 1
0 0

# 48 cRNA_M 
.n 48 5 9 13 19 68 101
11111 1
11110 1
11101 1
11100 1
11011 0
11010 0
11001 0
11000 0
10111 0
10110 0
10101 0
10100 0
10011 0
10010 0
10001 0
10000 0
01111 1
01110 1
01101 0
01100 0
01011 0
01010 0
01001 0
01000 0
00111 0
00110 0
00101 0
00100 0
00011 0
00010 0
00001 0
00000 0

# 49 vRNA_NS_M1 
.n 49 2 79 99
11 1
10 0
01 0
00 0

# 50 IVA_HA1_HA2 
.n 50 1 131
1 1
0 0

# 51 cRNP_PA 
.n 51 4 13 19 46 101
1111 1
1110 0
1101 0
1100 0
1011 0
1010 0
1001 0
1000 0
0111 0
0110 0
0101 0
0100 0
0011 0
0010 0
0001 0
0000 0

# 52 cRNP_PB1 
.n 52 4 13 19 29 101
1111 1
1110 0
1101 0
1100 0
1011 0
1010 0
1001 0
1000 0
0111 0
0110 0
0101 0
0100 0
0011 0
0010 0
0001 0
0000 0

# 53 NA_LipidRafts 
.n 53 4 26 35 122 126
1111 0
1110 0
1101 0
1100 1
1011 0
1010 0
1001 0
1000 0
0111 0
0110 0
0101 0
0100 0
0011 0
0010 0
0001 0
0000 0

# 54 mRNA_M1_cyto 
.n 54 1 7
1 1
0 0

# 55 vRNA_NP 
.n 55 1 73
1 1
0 0

# 56 vRNA_PB1 
.n 56 1 29
1 1
0 0

# 57 IVA_SialicAcid 
.n 57 2 50 123
11 1
10 0
01 0
00 0

# 58 RTK 
.n 58 3 57 126 130
111 0
110 0
101 0
100 1
011 0
010 0
001 0
000 0

# 59 mRNA_NS1_cyto 
.n 59 1 118
1 1
0 0

# 60 mRNA_PB2_cyto 
.n 60 1 108
1 1
0 0

# 61 mRNA_HA_cyto 
.n 61 1 23
1 1
0 0

# 62 cRNA_PB2 
.n 62 5 13 19 96 101 115
11111 1
11110 1
11101 1
11100 1
11011 1
11010 0
11001 1
11000 0
10111 0
10110 0
10101 0
10100 0
10011 0
10010 0
10001 0
10000 0
01111 0
01110 0
01101 0
01100 0
01011 0
01010 0
01001 0
01000 0
00111 0
00110 0
00101 0
00100 0
00011 0
00010 0
00001 0
00000 0

# 63 MEK 
.n 63 2 6 127
11 0
10 1
01 0
00 0

# 64 par_vRNP_NA_cyto 
.n 64 1 4
1 1
0 0

# 65 temp_vRNP_NA_nuc 
.n 65 5 13 19 40 64 101
11111 1
11110 1
11101 1
11100 0
11011 1
11010 1
11001 0
11000 0
10111 1
10110 1
10101 0
10100 0
10011 1
10010 1
10001 0
10000 0
01111 1
01110 1
01101 0
01100 0
01011 1
01010 1
01001 0
01000 0
00111 1
00110 1
00101 0
00100 0
00011 1
00010 1
00001 0
00000 0

# 66 vRNA_PB2_M1 
.n 66 2 31 79
11 1
10 0
01 0
00 0

# 67 vRNA_PA 
.n 67 1 46
1 1
0 0

# 68 temp_vRNP_M_nuc 
.n 68 5 13 19 27 101 110
11111 1
11110 1
11101 1
11100 1
11011 1
11010 0
11001 0
11000 0
10111 1
10110 1
10101 1
10100 1
10011 0
10010 0
10001 0
10000 0
01111 1
01110 1
01101 1
01100 1
01011 0
01010 0
01001 0
01000 0
00111 1
00110 1
00101 1
00100 1
00011 0
00010 0
00001 0
00000 0

# 69 cRNP_NS 
.n 69 4 13 19 22 101
1111 1
1110 0
1101 0
1100 0
1011 0
1010 0
1001 0
1000 0
0111 0
0110 0
0101 0
0100 0
0011 0
0010 0
0001 0
0000 0

# 70 mRNA_NS2_nuc 
.n 70 1 11
1 1
0 0

# 71 cRNP_NP 
.n 71 4 13 19 73 101
1111 1
1110 0
1101 0
1100 0
1011 0
1010 0
1001 0
1000 0
0111 0
0110 0
0101 0
0100 0
0011 0
0010 0
0001 0
0000 0

# 72 pro_vRNP_PB2_M1_cyto 
.n 72 3 32 85 104
111 1
110 0
101 0
100 0
011 0
010 0
001 0
000 0

# 73 cRNA_NP 
.n 73 5 13 19 71 101 117
11111 1
11110 1
11101 1
11100 1
11011 1
11010 0
11001 1
11000 0
10111 0
10110 0
10101 0
10100 0
10011 0
10010 0
10001 0
10000 0
01111 0
01110 0
01101 0
01100 0
01011 0
01010 0
01001 0
01000 0
00111 0
00110 0
00101 0
00100 0
00011 0
00010 0
00001 0
00000 0

# 74 par_vRNP_PB1_cyto 
.n 74 1 4
1 1
0 0

# 75 IVA_EE 
.n 75 2 76 94
11 1
10 0
01 0
00 0

# 76 IVA_SialicAcid_CCV 
.n 76 1 86
1 1
0 0

# 77 Progeny_Virion 
.n 77 11 2 28 30 35 53 72 83 89 98 114 120
11111111111 1
11111111110 0
11111111101 0
11111111100 0
11111111011 0
11111111010 0
11111111001 0
11111111000 0
11111110111 0
11111110110 0
11111110101 0
11111110100 0
11111110011 0
11111110010 0
11111110001 0
11111110000 0
11111101111 0
11111101110 0
11111101101 0
11111101100 0
11111101011 0
11111101010 0
11111101001 0
11111101000 0
11111100111 0
11111100110 0
11111100101 0
11111100100 0
11111100011 0
11111100010 0
11111100001 0
11111100000 0
11111011111 0
11111011110 0
11111011101 0
11111011100 0
11111011011 0
11111011010 0
11111011001 0
11111011000 0
11111010111 0
11111010110 0
11111010101 0
11111010100 0
11111010011 0
11111010010 0
11111010001 0
11111010000 0
11111001111 0
11111001110 0
11111001101 0
11111001100 0
11111001011 0
11111001010 0
11111001001 0
11111001000 0
11111000111 0
11111000110 0
11111000101 0
11111000100 0
11111000011 0
11111000010 0
11111000001 0
11111000000 0
11110111111 0
11110111110 0
11110111101 0
11110111100 0
11110111011 0
11110111010 0
11110111001 0
11110111000 0
11110110111 0
11110110110 0
11110110101 0
11110110100 0
11110110011 0
11110110010 0
11110110001 0
11110110000 0
11110101111 0
11110101110 0
11110101101 0
11110101100 0
11110101011 0
11110101010 0
11110101001 0
11110101000 0
11110100111 0
11110100110 0
11110100101 0
11110100100 0
11110100011 0
11110100010 0
11110100001 0
11110100000 0
11110011111 0
11110011110 0
11110011101 0
11110011100 0
11110011011 0
11110011010 0
11110011001 0
11110011000 0
11110010111 0
11110010110 0
11110010101 0
11110010100 0
11110010011 0
11110010010 0
11110010001 0
11110010000 0
11110001111 0
11110001110 0
11110001101 0
11110001100 0
11110001011 0
11110001010 0
11110001001 0
11110001000 0
11110000111 0
11110000110 0
11110000101 0
11110000100 0
11110000011 0
11110000010 0
11110000001 0
11110000000 0
11101111111 0
11101111110 0
11101111101 0
11101111100 0
11101111011 0
11101111010 0
11101111001 0
11101111000 0
11101110111 0
11101110110 0
11101110101 0
11101110100 0
11101110011 0
11101110010 0
11101110001 0
11101110000 0
11101101111 0
11101101110 0
11101101101 0
11101101100 0
11101101011 0
11101101010 0
11101101001 0
11101101000 0
11101100111 0
11101100110 0
11101100101 0
11101100100 0
11101100011 0
11101100010 0
11101100001 0
11101100000 0
11101011111 0
11101011110 0
11101011101 0
11101011100 0
11101011011 0
11101011010 0
11101011001 0
11101011000 0
11101010111 0
11101010110 0
11101010101 0
11101010100 0
11101010011 0
11101010010 0
11101010001 0
11101010000 0
11101001111 0
11101001110 0
11101001101 0
11101001100 0
11101001011 0
11101001010 0
11101001001 0
11101001000 0
11101000111 0
11101000110 0
11101000101 0
11101000100 0
11101000011 0
11101000010 0
11101000001 0
11101000000 0
11100111111 0
11100111110 0
11100111101 0
11100111100 0
11100111011 0
11100111010 0
11100111001 0
11100111000 0
11100110111 0
11100110110 0
11100110101 0
11100110100 0
11100110011 0
11100110010 0
11100110001 0
11100110000 0
11100101111 0
11100101110 0
11100101101 0
11100101100 0
11100101011 0
11100101010 0
11100101001 0
11100101000 0
11100100111 0
11100100110 0
11100100101 0
11100100100 0
11100100011 0
11100100010 0
11100100001 0
11100100000 0
11100011111 0
11100011110 0
11100011101 0
11100011100 0
11100011011 0
11100011010 0
11100011001 0
11100011000 0
11100010111 0
11100010110 0
11100010101 0
11100010100 0
11100010011 0
11100010010 0
11100010001 0
11100010000 0
11100001111 0
11100001110 0
11100001101 0
11100001100 0
11100001011 0
11100001010 0
11100001001 0
11100001000 0
11100000111 0
11100000110 0
11100000101 0
11100000100 0
11100000011 0
11100000010 0
11100000001 0
11100000000 0
11011111111 0
11011111110 0
11011111101 0
11011111100 0
11011111011 0
11011111010 0
11011111001 0
11011111000 0
11011110111 0
11011110110 0
11011110101 0
11011110100 0
11011110011 0
11011110010 0
11011110001 0
11011110000 0
11011101111 0
11011101110 0
11011101101 0
11011101100 0
11011101011 0
11011101010 0
11011101001 0
11011101000 0
11011100111 0
11011100110 0
11011100101 0
11011100100 0
11011100011 0
11011100010 0
11011100001 0
11011100000 0
11011011111 0
11011011110 0
11011011101 0
11011011100 0
11011011011 0
11011011010 0
11011011001 0
11011011000 0
11011010111 0
11011010110 0
11011010101 0
11011010100 0
11011010011 0
11011010010 0
11011010001 0
11011010000 0
11011001111 0
11011001110 0
11011001101 0
11011001100 0
11011001011 0
11011001010 0
11011001001 0
11011001000 0
11011000111 0
11011000110 0
11011000101 0
11011000100 0
11011000011 0
11011000010 0
11011000001 0
11011000000 0
11010111111 0
11010111110 0
11010111101 0
11010111100 0
11010111011 0
11010111010 0
11010111001 0
11010111000 0
11010110111 0
11010110110 0
11010110101 0
11010110100 0
11010110011 0
11010110010 0
11010110001 0
11010110000 0
11010101111 0
11010101110 0
11010101101 0
11010101100 0
11010101011 0
11010101010 0
11010101001 0
11010101000 0
11010100111 0
11010100110 0
11010100101 0
11010100100 0
11010100011 0
11010100010 0
11010100001 0
11010100000 0
11010011111 0
11010011110 0
11010011101 0
11010011100 0
11010011011 0
11010011010 0
11010011001 0
11010011000 0
11010010111 0
11010010110 0
11010010101 0
11010010100 0
11010010011 0
11010010010 0
11010010001 0
11010010000 0
11010001111 0
11010001110 0
11010001101 0
11010001100 0
11010001011 0
11010001010 0
11010001001 0
11010001000 0
11010000111 0
11010000110 0
11010000101 0
11010000100 0
11010000011 0
11010000010 0
11010000001 0
11010000000 0
11001111111 0
11001111110 0
11001111101 0
11001111100 0
11001111011 0
11001111010 0
11001111001 0
11001111000 0
11001110111 0
11001110110 0
11001110101 0
11001110100 0
11001110011 0
11001110010 0
11001110001 0
11001110000 0
11001101111 0
11001101110 0
11001101101 0
11001101100 0
11001101011 0
11001101010 0
11001101001 0
11001101000 0
11001100111 0
11001100110 0
11001100101 0
11001100100 0
11001100011 0
11001100010 0
11001100001 0
11001100000 0
11001011111 0
11001011110 0
11001011101 0
11001011100 0
11001011011 0
11001011010 0
11001011001 0
11001011000 0
11001010111 0
11001010110 0
11001010101 0
11001010100 0
11001010011 0
11001010010 0
11001010001 0
11001010000 0
11001001111 0
11001001110 0
11001001101 0
11001001100 0
11001001011 0
11001001010 0
11001001001 0
11001001000 0
11001000111 0
11001000110 0
11001000101 0
11001000100 0
11001000011 0
11001000010 0
11001000001 0
11001000000 0
11000111111 0
11000111110 0
11000111101 0
11000111100 0
11000111011 0
11000111010 0
11000111001 0
11000111000 0
11000110111 0
11000110110 0
11000110101 0
11000110100 0
11000110011 0
11000110010 0
11000110001 0
11000110000 0
11000101111 0
11000101110 0
11000101101 0
11000101100 0
11000101011 0
11000101010 0
11000101001 0
11000101000 0
11000100111 0
11000100110 0
11000100101 0
11000100100 0
11000100011 0
11000100010 0
11000100001 0
11000100000 0
11000011111 0
11000011110 0
11000011101 0
11000011100 0
11000011011 0
11000011010 0
11000011001 0
11000011000 0
11000010111 0
11000010110 0
11000010101 0
11000010100 0
11000010011 0
11000010010 0
11000010001 0
11000010000 0
11000001111 0
11000001110 0
11000001101 0
11000001100 0
11000001011 0
11000001010 0
11000001001 0
11000001000 0
11000000111 0
11000000110 0
11000000101 0
11000000100 0
11000000011 0
11000000010 0
11000000001 0
11000000000 0
10111111111 0
10111111110 0
10111111101 0
10111111100 0
10111111011 0
10111111010 0
10111111001 0
10111111000 0
10111110111 0
10111110110 0
10111110101 0
10111110100 0
10111110011 0
10111110010 0
10111110001 0
10111110000 0
10111101111 0
10111101110 0
10111101101 0
10111101100 0
10111101011 0
10111101010 0
10111101001 0
10111101000 0
10111100111 0
10111100110 0
10111100101 0
10111100100 0
10111100011 0
10111100010 0
10111100001 0
10111100000 0
10111011111 0
10111011110 0
10111011101 0
10111011100 0
10111011011 0
10111011010 0
10111011001 0
10111011000 0
10111010111 0
10111010110 0
10111010101 0
10111010100 0
10111010011 0
10111010010 0
10111010001 0
10111010000 0
10111001111 0
10111001110 0
10111001101 0
10111001100 0
10111001011 0
10111001010 0
10111001001 0
10111001000 0
10111000111 0
10111000110 0
10111000101 0
10111000100 0
10111000011 0
10111000010 0
10111000001 0
10111000000 0
10110111111 0
10110111110 0
10110111101 0
10110111100 0
10110111011 0
10110111010 0
10110111001 0
10110111000 0
10110110111 0
10110110110 0
10110110101 0
10110110100 0
10110110011 0
10110110010 0
10110110001 0
10110110000 0
10110101111 0
10110101110 0
10110101101 0
10110101100 0
10110101011 0
10110101010 0
10110101001 0
10110101000 0
10110100111 0
10110100110 0
10110100101 0
10110100100 0
10110100011 0
10110100010 0
10110100001 0
10110100000 0
10110011111 0
10110011110 0
10110011101 0
10110011100 0
10110011011 0
10110011010 0
10110011001 0
10110011000 0
10110010111 0
10110010110 0
10110010101 0
10110010100 0
10110010011 0
10110010010 0
10110010001 0
10110010000 0
10110001111 0
10110001110 0
10110001101 0
10110001100 0
10110001011 0
10110001010 0
10110001001 0
10110001000 0
10110000111 0
10110000110 0
10110000101 0
10110000100 0
10110000011 0
10110000010 0
10110000001 0
10110000000 0
10101111111 0
10101111110 0
10101111101 0
10101111100 0
10101111011 0
10101111010 0
10101111001 0
10101111000 0
10101110111 0
10101110110 0
10101110101 0
10101110100 0
10101110011 0
10101110010 0
10101110001 0
10101110000 0
10101101111 0
10101101110 0
10101101101 0
10101101100 0
10101101011 0
10101101010 0
10101101001 0
10101101000 0
10101100111 0
10101100110 0
10101100101 0
10101100100 0
10101100011 0
10101100010 0
10101100001 0
10101100000 0
10101011111 0
10101011110 0
10101011101 0
10101011100 0
10101011011 0
10101011010 0
10101011001 0
10101011000 0
10101010111 0
10101010110 0
10101010101 0
10101010100 0
10101010011 0
10101010010 0
10101010001 0
10101010000 0
10101001111 0
10101001110 0
10101001101 0
10101001100 0
10101001011 0
10101001010 0
10101001001 0
10101001000 0
10101000111 0
10101000110 0
10101000101 0
10101000100 0
10101000011 0
10101000010 0
10101000001 0
10101000000 0
10100111111 0
10100111110 0
10100111101 0
10100111100 0
10100111011 0
10100111010 0
10100111001 0
10100111000 0
10100110111 0
10100110110 0
10100110101 0
10100110100 0
10100110011 0
10100110010 0
10100110001 0
10100110000 0
10100101111 0
10100101110 0
10100101101 0
10100101100 0
10100101011 0
10100101010 0
10100101001 0
10100101000 0
10100100111 0
10100100110 0
10100100101 0
10100100100 0
10100100011 0
10100100010 0
10100100001 0
10100100000 0
10100011111 0
10100011110 0
10100011101 0
10100011100 0
10100011011 0
10100011010 0
10100011001 0
10100011000 0
10100010111 0
10100010110 0
10100010101 0
10100010100 0
10100010011 0
10100010010 0
10100010001 0
10100010000 0
10100001111 0
10100001110 0
10100001101 0
10100001100 0
10100001011 0
10100001010 0
10100001001 0
10100001000 0
10100000111 0
10100000110 0
10100000101 0
10100000100 0
10100000011 0
10100000010 0
10100000001 0
10100000000 0
10011111111 0
10011111110 0
10011111101 0
10011111100 0
10011111011 0
10011111010 0
10011111001 0
10011111000 0
10011110111 0
10011110110 0
10011110101 0
10011110100 0
10011110011 0
10011110010 0
10011110001 0
10011110000 0
10011101111 0
10011101110 0
10011101101 0
10011101100 0
10011101011 0
10011101010 0
10011101001 0
10011101000 0
10011100111 0
10011100110 0
10011100101 0
10011100100 0
10011100011 0
10011100010 0
10011100001 0
10011100000 0
10011011111 0
10011011110 0
10011011101 0
10011011100 0
10011011011 0
10011011010 0
10011011001 0
10011011000 0
10011010111 0
10011010110 0
10011010101 0
10011010100 0
10011010011 0
10011010010 0
10011010001 0
10011010000 0
10011001111 0
10011001110 0
10011001101 0
10011001100 0
10011001011 0
10011001010 0
10011001001 0
10011001000 0
10011000111 0
10011000110 0
10011000101 0
10011000100 0
10011000011 0
10011000010 0
10011000001 0
10011000000 0
10010111111 0
10010111110 0
10010111101 0
10010111100 0
10010111011 0
10010111010 0
10010111001 0
10010111000 0
10010110111 0
10010110110 0
10010110101 0
10010110100 0
10010110011 0
10010110010 0
10010110001 0
10010110000 0
10010101111 0
10010101110 0
10010101101 0
10010101100 0
10010101011 0
10010101010 0
10010101001 0
10010101000 0
10010100111 0
10010100110 0
10010100101 0
10010100100 0
10010100011 0
10010100010 0
10010100001 0
10010100000 0
10010011111 0
10010011110 0
10010011101 0
10010011100 0
10010011011 0
10010011010 0
10010011001 0
10010011000 0
10010010111 0
10010010110 0
10010010101 0
10010010100 0
10010010011 0
10010010010 0
10010010001 0
10010010000 0
10010001111 0
10010001110 0
10010001101 0
10010001100 0
10010001011 0
10010001010 0
10010001001 0
10010001000 0
10010000111 0
10010000110 0
10010000101 0
10010000100 0
10010000011 0
10010000010 0
10010000001 0
10010000000 0
10001111111 0
10001111110 0
10001111101 0
10001111100 0
10001111011 0
10001111010 0
10001111001 0
10001111000 0
10001110111 0
10001110110 0
10001110101 0
10001110100 0
10001110011 0
10001110010 0
10001110001 0
10001110000 0
10001101111 0
10001101110 0
10001101101 0
10001101100 0
10001101011 0
10001101010 0
10001101001 0
10001101000 0
10001100111 0
10001100110 0
10001100101 0
10001100100 0
10001100011 0
10001100010 0
10001100001 0
10001100000 0
10001011111 0
10001011110 0
10001011101 0
10001011100 0
10001011011 0
10001011010 0
10001011001 0
10001011000 0
10001010111 0
10001010110 0
10001010101 0
10001010100 0
10001010011 0
10001010010 0
10001010001 0
10001010000 0
10001001111 0
10001001110 0
10001001101 0
10001001100 0
10001001011 0
10001001010 0
10001001001 0
10001001000 0
10001000111 0
10001000110 0
10001000101 0
10001000100 0
10001000011 0
10001000010 0
10001000001 0
10001000000 0
10000111111 0
10000111110 0
10000111101 0
10000111100 0
10000111011 0
10000111010 0
10000111001 0
10000111000 0
10000110111 0
10000110110 0
10000110101 0
10000110100 0
10000110011 0
10000110010 0
10000110001 0
10000110000 0
10000101111 0
10000101110 0
10000101101 0
10000101100 0
10000101011 0
10000101010 0
10000101001 0
10000101000 0
10000100111 0
10000100110 0
10000100101 0
10000100100 0
10000100011 0
10000100010 0
10000100001 0
10000100000 0
10000011111 0
10000011110 0
10000011101 0
10000011100 0
10000011011 0
10000011010 0
10000011001 0
10000011000 0
10000010111 0
10000010110 0
10000010101 0
10000010100 0
10000010011 0
10000010010 0
10000010001 0
10000010000 0
10000001111 0
10000001110 0
10000001101 0
10000001100 0
10000001011 0
10000001010 0
10000001001 0
10000001000 0
10000000111 0
10000000110 0
10000000101 0
10000000100 0
10000000011 0
10000000010 0
10000000001 0
10000000000 0
01111111111 0
01111111110 0
01111111101 0
01111111100 0
01111111011 0
01111111010 0
01111111001 0
01111111000 0
01111110111 0
01111110110 0
01111110101 0
01111110100 0
01111110011 0
01111110010 0
01111110001 0
01111110000 0
01111101111 0
01111101110 0
01111101101 0
01111101100 0
01111101011 0
01111101010 0
01111101001 0
01111101000 0
01111100111 0
01111100110 0
01111100101 0
01111100100 0
01111100011 0
01111100010 0
01111100001 0
01111100000 0
01111011111 0
01111011110 0
01111011101 0
01111011100 0
01111011011 0
01111011010 0
01111011001 0
01111011000 0
01111010111 0
01111010110 0
01111010101 0
01111010100 0
01111010011 0
01111010010 0
01111010001 0
01111010000 0
01111001111 0
01111001110 0
01111001101 0
01111001100 0
01111001011 0
01111001010 0
01111001001 0
01111001000 0
01111000111 0
01111000110 0
01111000101 0
01111000100 0
01111000011 0
01111000010 0
01111000001 0
01111000000 0
01110111111 0
01110111110 0
01110111101 0
01110111100 0
01110111011 0
01110111010 0
01110111001 0
01110111000 0
01110110111 0
01110110110 0
01110110101 0
01110110100 0
01110110011 0
01110110010 0
01110110001 0
01110110000 0
01110101111 0
01110101110 0
01110101101 0
01110101100 0
01110101011 0
01110101010 0
01110101001 0
01110101000 0
01110100111 0
01110100110 0
01110100101 0
01110100100 0
01110100011 0
01110100010 0
01110100001 0
01110100000 0
01110011111 0
01110011110 0
01110011101 0
01110011100 0
01110011011 0
01110011010 0
01110011001 0
01110011000 0
01110010111 0
01110010110 0
01110010101 0
01110010100 0
01110010011 0
01110010010 0
01110010001 0
01110010000 0
01110001111 0
01110001110 0
01110001101 0
01110001100 0
01110001011 0
01110001010 0
01110001001 0
01110001000 0
01110000111 0
01110000110 0
01110000101 0
01110000100 0
01110000011 0
01110000010 0
01110000001 0
01110000000 0
01101111111 0
01101111110 0
01101111101 0
01101111100 0
01101111011 0
01101111010 0
01101111001 0
01101111000 0
01101110111 0
01101110110 0
01101110101 0
01101110100 0
01101110011 0
01101110010 0
01101110001 0
01101110000 0
01101101111 0
01101101110 0
01101101101 0
01101101100 0
01101101011 0
01101101010 0
01101101001 0
01101101000 0
01101100111 0
01101100110 0
01101100101 0
01101100100 0
01101100011 0
01101100010 0
01101100001 0
01101100000 0
01101011111 0
01101011110 0
01101011101 0
01101011100 0
01101011011 0
01101011010 0
01101011001 0
01101011000 0
01101010111 0
01101010110 0
01101010101 0
01101010100 0
01101010011 0
01101010010 0
01101010001 0
01101010000 0
01101001111 0
01101001110 0
01101001101 0
01101001100 0
01101001011 0
01101001010 0
01101001001 0
01101001000 0
01101000111 0
01101000110 0
01101000101 0
01101000100 0
01101000011 0
01101000010 0
01101000001 0
01101000000 0
01100111111 0
01100111110 0
01100111101 0
01100111100 0
01100111011 0
01100111010 0
01100111001 0
01100111000 0
01100110111 0
01100110110 0
01100110101 0
01100110100 0
01100110011 0
01100110010 0
01100110001 0
01100110000 0
01100101111 0
01100101110 0
01100101101 0
01100101100 0
01100101011 0
01100101010 0
01100101001 0
01100101000 0
01100100111 0
01100100110 0
01100100101 0
01100100100 0
01100100011 0
01100100010 0
01100100001 0
01100100000 0
01100011111 0
01100011110 0
01100011101 0
01100011100 0
01100011011 0
01100011010 0
01100011001 0
01100011000 0
01100010111 0
01100010110 0
01100010101 0
01100010100 0
01100010011 0
01100010010 0
01100010001 0
01100010000 0
01100001111 0
01100001110 0
01100001101 0
01100001100 0
01100001011 0
01100001010 0
01100001001 0
01100001000 0
01100000111 0
01100000110 0
01100000101 0
01100000100 0
01100000011 0
01100000010 0
01100000001 0
01100000000 0
01011111111 0
01011111110 0
01011111101 0
01011111100 0
01011111011 0
01011111010 0
01011111001 0
01011111000 0
01011110111 0
01011110110 0
01011110101 0
01011110100 0
01011110011 0
01011110010 0
01011110001 0
01011110000 0
01011101111 0
01011101110 0
01011101101 0
01011101100 0
01011101011 0
01011101010 0
01011101001 0
01011101000 0
01011100111 0
01011100110 0
01011100101 0
01011100100 0
01011100011 0
01011100010 0
01011100001 0
01011100000 0
01011011111 0
01011011110 0
01011011101 0
01011011100 0
01011011011 0
01011011010 0
01011011001 0
01011011000 0
01011010111 0
01011010110 0
01011010101 0
01011010100 0
01011010011 0
01011010010 0
01011010001 0
01011010000 0
01011001111 0
01011001110 0
01011001101 0
01011001100 0
01011001011 0
01011001010 0
01011001001 0
01011001000 0
01011000111 0
01011000110 0
01011000101 0
01011000100 0
01011000011 0
01011000010 0
01011000001 0
01011000000 0
01010111111 0
01010111110 0
01010111101 0
01010111100 0
01010111011 0
01010111010 0
01010111001 0
01010111000 0
01010110111 0
01010110110 0
01010110101 0
01010110100 0
01010110011 0
01010110010 0
01010110001 0
01010110000 0
01010101111 0
01010101110 0
01010101101 0
01010101100 0
01010101011 0
01010101010 0
01010101001 0
01010101000 0
01010100111 0
01010100110 0
01010100101 0
01010100100 0
01010100011 0
01010100010 0
01010100001 0
01010100000 0
01010011111 0
01010011110 0
01010011101 0
01010011100 0
01010011011 0
01010011010 0
01010011001 0
01010011000 0
01010010111 0
01010010110 0
01010010101 0
01010010100 0
01010010011 0
01010010010 0
01010010001 0
01010010000 0
01010001111 0
01010001110 0
01010001101 0
01010001100 0
01010001011 0
01010001010 0
01010001001 0
01010001000 0
01010000111 0
01010000110 0
01010000101 0
01010000100 0
01010000011 0
01010000010 0
01010000001 0
01010000000 0
01001111111 0
01001111110 0
01001111101 0
01001111100 0
01001111011 0
01001111010 0
01001111001 0
01001111000 0
01001110111 0
01001110110 0
01001110101 0
01001110100 0
01001110011 0
01001110010 0
01001110001 0
01001110000 0
01001101111 0
01001101110 0
01001101101 0
01001101100 0
01001101011 0
01001101010 0
01001101001 0
01001101000 0
01001100111 0
01001100110 0
01001100101 0
01001100100 0
01001100011 0
01001100010 0
01001100001 0
01001100000 0
01001011111 0
01001011110 0
01001011101 0
01001011100 0
01001011011 0
01001011010 0
01001011001 0
01001011000 0
01001010111 0
01001010110 0
01001010101 0
01001010100 0
01001010011 0
01001010010 0
01001010001 0
01001010000 0
01001001111 0
01001001110 0
01001001101 0
01001001100 0
01001001011 0
01001001010 0
01001001001 0
01001001000 0
01001000111 0
01001000110 0
01001000101 0
01001000100 0
01001000011 0
01001000010 0
01001000001 0
01001000000 0
01000111111 0
01000111110 0
01000111101 0
01000111100 0
01000111011 0
01000111010 0
01000111001 0
01000111000 0
01000110111 0
01000110110 0
01000110101 0
01000110100 0
01000110011 0
01000110010 0
01000110001 0
01000110000 0
01000101111 0
01000101110 0
01000101101 0
01000101100 0
01000101011 0
01000101010 0
01000101001 0
01000101000 0
01000100111 0
01000100110 0
01000100101 0
01000100100 0
01000100011 0
01000100010 0
01000100001 0
01000100000 0
01000011111 0
01000011110 0
01000011101 0
01000011100 0
01000011011 0
01000011010 0
01000011001 0
01000011000 0
01000010111 0
01000010110 0
01000010101 0
01000010100 0
01000010011 0
01000010010 0
01000010001 0
01000010000 0
01000001111 0
01000001110 0
01000001101 0
01000001100 0
01000001011 0
01000001010 0
01000001001 0
01000001000 0
01000000111 0
01000000110 0
01000000101 0
01000000100 0
01000000011 0
01000000010 0
01000000001 0
01000000000 0
00111111111 0
00111111110 0
00111111101 0
00111111100 0
00111111011 0
00111111010 0
00111111001 0
00111111000 0
00111110111 0
00111110110 0
00111110101 0
00111110100 0
00111110011 0
00111110010 0
00111110001 0
00111110000 0
00111101111 0
00111101110 0
00111101101 0
00111101100 0
00111101011 0
00111101010 0
00111101001 0
00111101000 0
00111100111 0
00111100110 0
00111100101 0
00111100100 0
00111100011 0
00111100010 0
00111100001 0
00111100000 0
00111011111 0
00111011110 0
00111011101 0
00111011100 0
00111011011 0
00111011010 0
00111011001 0
00111011000 0
00111010111 0
00111010110 0
00111010101 0
00111010100 0
00111010011 0
00111010010 0
00111010001 0
00111010000 0
00111001111 0
00111001110 0
00111001101 0
00111001100 0
00111001011 0
00111001010 0
00111001001 0
00111001000 0
00111000111 0
00111000110 0
00111000101 0
00111000100 0
00111000011 0
00111000010 0
00111000001 0
00111000000 0
00110111111 0
00110111110 0
00110111101 0
00110111100 0
00110111011 0
00110111010 0
00110111001 0
00110111000 0
00110110111 0
00110110110 0
00110110101 0
00110110100 0
00110110011 0
00110110010 0
00110110001 0
00110110000 0
00110101111 0
00110101110 0
00110101101 0
00110101100 0
00110101011 0
00110101010 0
00110101001 0
00110101000 0
00110100111 0
00110100110 0
00110100101 0
00110100100 0
00110100011 0
00110100010 0
00110100001 0
00110100000 0
00110011111 0
00110011110 0
00110011101 0
00110011100 0
00110011011 0
00110011010 0
00110011001 0
00110011000 0
00110010111 0
00110010110 0
00110010101 0
00110010100 0
00110010011 0
00110010010 0
00110010001 0
00110010000 0
00110001111 0
00110001110 0
00110001101 0
00110001100 0
00110001011 0
00110001010 0
00110001001 0
00110001000 0
00110000111 0
00110000110 0
00110000101 0
00110000100 0
00110000011 0
00110000010 0
00110000001 0
00110000000 0
00101111111 0
00101111110 0
00101111101 0
00101111100 0
00101111011 0
00101111010 0
00101111001 0
00101111000 0
00101110111 0
00101110110 0
00101110101 0
00101110100 0
00101110011 0
00101110010 0
00101110001 0
00101110000 0
00101101111 0
00101101110 0
00101101101 0
00101101100 0
00101101011 0
00101101010 0
00101101001 0
00101101000 0
00101100111 0
00101100110 0
00101100101 0
00101100100 0
00101100011 0
00101100010 0
00101100001 0
00101100000 0
00101011111 0
00101011110 0
00101011101 0
00101011100 0
00101011011 0
00101011010 0
00101011001 0
00101011000 0
00101010111 0
00101010110 0
00101010101 0
00101010100 0
00101010011 0
00101010010 0
00101010001 0
00101010000 0
00101001111 0
00101001110 0
00101001101 0
00101001100 0
00101001011 0
00101001010 0
00101001001 0
00101001000 0
00101000111 0
00101000110 0
00101000101 0
00101000100 0
00101000011 0
00101000010 0
00101000001 0
00101000000 0
00100111111 0
00100111110 0
00100111101 0
00100111100 0
00100111011 0
00100111010 0
00100111001 0
00100111000 0
00100110111 0
00100110110 0
00100110101 0
00100110100 0
00100110011 0
00100110010 0
00100110001 0
00100110000 0
00100101111 0
00100101110 0
00100101101 0
00100101100 0
00100101011 0
00100101010 0
00100101001 0
00100101000 0
00100100111 0
00100100110 0
00100100101 0
00100100100 0
00100100011 0
00100100010 0
00100100001 0
00100100000 0
00100011111 0
00100011110 0
00100011101 0
00100011100 0
00100011011 0
00100011010 0
00100011001 0
00100011000 0
00100010111 0
00100010110 0
00100010101 0
00100010100 0
00100010011 0
00100010010 0
00100010001 0
00100010000 0
00100001111 0
00100001110 0
00100001101 0
00100001100 0
00100001011 0
00100001010 0
00100001001 0
00100001000 0
00100000111 0
00100000110 0
00100000101 0
00100000100 0
00100000011 0
00100000010 0
00100000001 0
00100000000 0
00011111111 0
00011111110 0
00011111101 0
00011111100 0
00011111011 0
00011111010 0
00011111001 0
00011111000 0
00011110111 0
00011110110 0
00011110101 0
00011110100 0
00011110011 0
00011110010 0
00011110001 0
00011110000 0
00011101111 0
00011101110 0
00011101101 0
00011101100 0
00011101011 0
00011101010 0
00011101001 0
00011101000 0
00011100111 0
00011100110 0
00011100101 0
00011100100 0
00011100011 0
00011100010 0
00011100001 0
00011100000 0
00011011111 0
00011011110 0
00011011101 0
00011011100 0
00011011011 0
00011011010 0
00011011001 0
00011011000 0
00011010111 0
00011010110 0
00011010101 0
00011010100 0
00011010011 0
00011010010 0
00011010001 0
00011010000 0
00011001111 0
00011001110 0
00011001101 0
00011001100 0
00011001011 0
00011001010 0
00011001001 0
00011001000 0
00011000111 0
00011000110 0
00011000101 0
00011000100 0
00011000011 0
00011000010 0
00011000001 0
00011000000 0
00010111111 0
00010111110 0
00010111101 0
00010111100 0
00010111011 0
00010111010 0
00010111001 0
00010111000 0
00010110111 0
00010110110 0
00010110101 0
00010110100 0
00010110011 0
00010110010 0
00010110001 0
00010110000 0
00010101111 0
00010101110 0
00010101101 0
00010101100 0
00010101011 0
00010101010 0
00010101001 0
00010101000 0
00010100111 0
00010100110 0
00010100101 0
00010100100 0
00010100011 0
00010100010 0
00010100001 0
00010100000 0
00010011111 0
00010011110 0
00010011101 0
00010011100 0
00010011011 0
00010011010 0
00010011001 0
00010011000 0
00010010111 0
00010010110 0
00010010101 0
00010010100 0
00010010011 0
00010010010 0
00010010001 0
00010010000 0
00010001111 0
00010001110 0
00010001101 0
00010001100 0
00010001011 0
00010001010 0
00010001001 0
00010001000 0
00010000111 0
00010000110 0
00010000101 0
00010000100 0
00010000011 0
00010000010 0
00010000001 0
00010000000 0
00001111111 0
00001111110 0
00001111101 0
00001111100 0
00001111011 0
00001111010 0
00001111001 0
00001111000 0
00001110111 0
00001110110 0
00001110101 0
00001110100 0
00001110011 0
00001110010 0
00001110001 0
00001110000 0
00001101111 0
00001101110 0
00001101101 0
00001101100 0
00001101011 0
00001101010 0
00001101001 0
00001101000 0
00001100111 0
00001100110 0
00001100101 0
00001100100 0
00001100011 0
00001100010 0
00001100001 0
00001100000 0
00001011111 0
00001011110 0
00001011101 0
00001011100 0
00001011011 0
00001011010 0
00001011001 0
00001011000 0
00001010111 0
00001010110 0
00001010101 0
00001010100 0
00001010011 0
00001010010 0
00001010001 0
00001010000 0
00001001111 0
00001001110 0
00001001101 0
00001001100 0
00001001011 0
00001001010 0
00001001001 0
00001001000 0
00001000111 0
00001000110 0
00001000101 0
00001000100 0
00001000011 0
00001000010 0
00001000001 0
00001000000 0
00000111111 0
00000111110 0
00000111101 0
00000111100 0
00000111011 0
00000111010 0
00000111001 0
00000111000 0
00000110111 0
00000110110 0
00000110101 0
00000110100 0
00000110011 0
00000110010 0
00000110001 0
00000110000 0
00000101111 0
00000101110 0
00000101101 0
00000101100 0
00000101011 0
00000101010 0
00000101001 0
00000101000 0
00000100111 0
00000100110 0
00000100101 0
00000100100 0
00000100011 0
00000100010 0
00000100001 0
00000100000 0
00000011111 0
00000011110 0
00000011101 0
00000011100 0
00000011011 0
00000011010 0
00000011001 0
00000011000 0
00000010111 0
00000010110 0
00000010101 0
00000010100 0
00000010011 0
00000010010 0
00000010001 0
00000010000 0
00000001111 0
00000001110 0
00000001101 0
00000001100 0
00000001011 0
00000001010 0
00000001001 0
00000001000 0
00000000111 0
00000000110 0
00000000101 0
00000000100 0
00000000011 0
00000000010 0
00000000001 0
00000000000 0

# 78 mRNA_NS2_cyto 
.n 78 1 70
1 1
0 0

# 79 M1_nuc 
.n 79 1 106
1 1
0 0

# 80 mRNA_PA_cyto 
.n 80 1 88
1 1
0 0

# 81 vRNA_PB1_M1 
.n 81 2 56 79
11 1
10 0
01 0
00 0

# 82 NP_cyto 
.n 82 1 16
1 1
0 0

# 83 pro_vRNP_HA_M1_cyto 
.n 83 3 32 93 104
111 1
110 0
101 0
100 0
011 0
010 0
001 0
000 0

# 84 mRNA_M2_cyto 
.n 84 1 12
1 1
0 0

# 85 pro_vRNP_PB2_M1_nuc 
.n 85 5 13 19 66 72 101
11111 0
11110 0
11101 1
11100 0
11011 0
11010 0
11001 0
11000 0
10111 0
10110 0
10101 0
10100 0
10011 0
10010 0
10001 0
10000 0
01111 0
01110 0
01101 0
01100 0
01011 0
01010 0
01001 0
01000 0
00111 0
00110 0
00101 0
00100 0
00011 0
00010 0
00001 0
00000 0

# 86 IVA_SialicAcid_CCP 
.n 86 1 57
1 1
0 0

# 87 vRNA_NP_M1 
.n 87 2 55 79
11 1
10 0
01 0
00 0

# 88 mRNA_PA_nuc 
.n 88 1 97
1 1
0 0

# 89 pro_vRNP_M_M1_cyto 
.n 89 3 32 45 104
111 1
110 0
101 0
100 0
011 0
010 0
001 0
000 0

# 90 cRNA_NA 
.n 90 5 13 19 39 65 101
11111 1
11110 1
11101 1
11100 1
11011 1
11010 1
11001 0
11000 0
10111 0
10110 0
10101 0
10100 0
10011 0
10010 0
10001 0
10000 0
01111 0
01110 0
01101 0
01100 0
01011 0
01010 0
01001 0
01000 0
00111 0
00110 0
00101 0
00100 0
00011 0
00010 0
00001 0
00000 0

# 91 temp_vRNP_PB1_nuc 
.n 91 5 13 19 56 74 101
11111 1
11110 1
11101 1
11100 0
11011 1
11010 1
11001 0
11000 0
10111 1
10110 1
10101 0
10100 0
10011 1
10010 1
10001 0
10000 0
01111 1
01110 1
01101 0
01100 0
01011 1
01010 1
01001 0
01000 0
00111 1
00110 1
00101 0
00100 0
00011 1
00010 1
00001 0
00000 0

# 92 Infected 
.n 92 2 15 57
11 1
10 0
01 0
00 0

# 93 pro_vRNP_HA_M1_nuc 
.n 93 5 10 13 19 83 101
11111 0
11110 0
11101 1
11100 0
11011 0
11010 0
11001 0
11000 0
10111 0
10110 0
10101 0
10100 0
10011 0
10010 0
10001 0
10000 0
01111 0
01110 0
01101 0
01100 0
01011 0
01010 0
01001 0
01000 0
00111 0
00110 0
00101 0
00100 0
00011 0
00010 0
00001 0
00000 0

# 94 PIP3 
.n 94 1 42
1 1
0 0

# 95 cRNA_HA 
.n 95 5 13 15 19 101 113
11111 1
11110 1
11101 1
11100 1
11011 0
11010 0
11001 0
11000 0
10111 1
10110 0
10101 1
10100 0
10011 0
10010 0
10001 0
10000 0
01111 0
01110 0
01101 0
01100 0
01011 0
01010 0
01001 0
01000 0
00111 0
00110 0
00101 0
00100 0
00011 0
00010 0
00001 0
00000 0

# 96 temp_vRNP_PB2_nuc 
.n 96 5 13 19 31 38 101
11111 1
11110 1
11101 1
11100 1
11011 1
11010 1
11001 0
11000 0
10111 1
10110 1
10101 1
10100 1
10011 1
10010 1
10001 0
10000 0
01111 1
01110 1
01101 1
01100 1
01011 1
01010 1
01001 0
01000 0
00111 1
00110 1
00101 1
00100 0
00011 1
00010 1
00001 0
00000 0

# 97 temp_vRNP_PA_nuc 
.n 97 5 13 19 47 67 101
11111 1
11110 1
11101 1
11100 1
11011 1
11010 0
11001 0
11000 0
10111 1
10110 1
10101 1
10100 1
10011 0
10010 0
10001 0
10000 0
01111 1
01110 1
01101 1
01100 1
01011 0
01010 0
01001 0
01000 0
00111 1
00110 1
00101 1
00100 1
00011 0
00010 0
00001 0
00000 0

# 98 M2_cyto 
.n 98 1 84
1 1
0 0

# 99 vRNA_NS 
.n 99 1 22
1 1
0 0

# 100 PB2_cyto 
.n 100 1 60
1 1
0 0

# 101 NP_nuc 
.n 101 1 82
1 1
0 0

# 102 pro_vRNP_PB1_M1_nuc 
.n 102 5 13 19 28 81 101
11111 0
11110 0
11101 0
11100 0
11011 1
11010 0
11001 0
11000 0
10111 0
10110 0
10101 0
10100 0
10011 0
10010 0
10001 0
10000 0
01111 0
01110 0
01101 0
01100 0
01011 0
01010 0
01001 0
01000 0
00111 0
00110 0
00101 0
00100 0
00011 0
00010 0
00001 0
00000 0

# 103 par_vRNP_NS_cyto 
.n 103 1 4
1 1
0 0

# 104 NS2_cyto 
.n 104 1 78
1 1
0 0

# 105 NS1_cyto 
.n 105 1 59
1 1
0 0

# 106 M1_cyto 
.n 106 1 54
1 1
0 0

# 107 PI3K 
.n 107 3 58 105 128
111 0
110 1
101 0
100 1
011 0
010 1
001 0
000 0

# 108 mRNA_PB2_nuc 
.n 108 1 96
1 1
0 0

# 109 mRNA_NP_nuc 
.n 109 1 117
1 1
0 0

# 110 vRNA_M 
.n 110 1 48
1 1
0 0

# 111 PA_cyto 
.n 111 1 80
1 1
0 0

# 112 mRNA_PB1_nuc 
.n 112 1 91
1 1
0 0

# 113 temp_vRNP_HA_nuc 
.n 113 5 13 17 19 101 119
11111 1
11110 1
11101 1
11100 1
11011 1
11010 1
11001 1
11000 1
10111 1
10110 0
10101 0
10100 0
10011 0
10010 0
10001 0
10000 0
01111 1
01110 1
01101 1
01100 1
01011 1
01010 1
01001 1
01000 1
00111 0
00110 0
00101 0
00100 0
00011 0
00010 0
00001 0
00000 0

# 114 pro_vRNP_NS_M1_cyto 
.n 114 3 32 43 104
111 1
110 0
101 0
100 0
011 0
010 0
001 0
000 0

# 115 cRNP_PB2 
.n 115 4 13 19 62 101
1111 1
1110 0
1101 0
1100 0
1011 0
1010 0
1001 0
1000 0
0111 0
0110 0
0101 0
0100 0
0011 0
0010 0
0001 0
0000 0

# 116 pro_vRNP_NA_M1_nuc 
.n 116 5 8 13 19 101 120
11111 0
11110 1
11101 0
11100 0
11011 0
11010 0
11001 0
11000 0
10111 0
10110 0
10101 0
10100 0
10011 0
10010 0
10001 0
10000 0
01111 0
01110 0
01101 0
01100 0
01011 0
01010 0
01001 0
01000 0
00111 0
00110 0
00101 0
00100 0
00011 0
00010 0
00001 0
00000 0

# 117 temp_vRNP_NP_nuc 
.n 117 5 13 19 20 55 101
11111 1
11110 1
11101 1
11100 1
11011 1
11010 0
11001 0
11000 0
10111 1
10110 1
10101 1
10100 1
10011 0
10010 0
10001 0
10000 0
01111 1
01110 1
01101 1
01100 1
01011 0
01010 0
01001 0
01000 0
00111 1
00110 1
00101 1
00100 1
00011 0
00010 0
00001 0
00000 0

# 118 mRNA_NS1_nuc 
.n 118 1 11
1 1
0 0

# 119 vRNA_HA 
.n 119 1 95
1 1
0 0

# 120 pro_vRNP_NA_M1_cyto 
.n 120 3 32 104 116
111 1
110 0
101 0
100 0
011 0
010 0
001 0
000 0

# 121 Bisindolylmaleimide_I 
.n 121 0

# 122 Neuraminidase_inhibitor 
.n 122 0

# 123 HA_SialicAcid_Affinity 
.n 123 0

# 124 PB1_Inhibitor 
.n 124 0

# 125 M2_inhibitor 
.n 125 0

# 126 Methyl_Beta_Cyclodextrin 
.n 126 0

# 127 U0126 
.n 127 0

# 128 Wortmannin 
.n 128 0

# 129 PB1_PA_Interface_Inhibitor 
.n 129 0

# 130 RTK_Inhibitor 
.n 130 0

# 131 Viral_Dose 
.n 131 0

.e End of file
