.v 22

.l 1 ROS
.l 2 ThP
.l 3 Yap1
.l 4 Cat1/2
.l 5 hapX
.l 6 SidA
.l 7 SreA
.l 8 ICP
.l 9 VAC
.l 10 SOD2/3
.l 11 HapX
.l 12 MirB
.l 13 sreA
.l 14 EstB
.l 15 FCplusFe
.l 16 CccA
.l 17 FCminusFe
.l 18 TAFC
.l 19 LIP
.l 20 RIA
.l 21 Superoxide
.l 22 Iron

# 1 ROS 
.n 1 6 1 2 4 10 19 21
111111 1
111110 1
111101 0
111100 0
111011 1
111010 1
111001 1
111000 1
110111 1
110110 1
110101 1
110100 0
110011 1
110010 1
110001 1
110000 1
101111 1
101110 1
101101 1
101100 0
101011 1
101010 1
101001 1
101000 1
100111 1
100110 1
100101 1
100100 1
100011 1
100010 1
100001 1
100000 1
011111 1
011110 1
011101 0
011100 0
011011 1
011010 1
011001 1
011000 0
010111 1
010110 1
010101 1
010100 0
010011 1
010010 1
010001 1
010000 0
001111 1
001110 1
001101 1
001100 0
001011 1
001010 1
001001 1
001000 0
000111 1
000110 1
000101 1
000100 0
000011 1
000010 1
000001 1
000000 0

# 2 ThP 
.n 2 1 3
1 1
0 0

# 3 Yap1 
.n 3 1 1
1 1
0 0

# 4 Cat1/2 
.n 4 2 3 11
11 0
10 1
01 0
00 0

# 5 hapX 
.n 5 1 7
1 0
0 1

# 6 SidA 
.n 6 2 7 11
11 0
10 0
01 1
00 0

# 7 SreA 
.n 7 2 13 19
11 1
10 0
01 0
00 0

# 8 ICP 
.n 8 3 9 11 15
111 0
110 0
101 1
100 1
011 0
010 0
001 1
000 0

# 9 VAC 
.n 9 2 16 19
11 1
10 0
01 0
00 0

# 10 SOD2/3 
.n 10 1 3
1 1
0 0

# 11 HapX 
.n 11 2 5 19
11 0
10 1
01 0
00 0

# 12 MirB 
.n 12 2 7 11
11 0
10 0
01 1
00 0

# 13 sreA 
.n 13 1 11
1 0
0 1

# 14 EstB 
.n 14 1 7
1 0
0 1

# 15 FCplusFe 
.n 15 2 17 19
11 1
10 0
01 0
00 0

# 16 CccA 
.n 16 1 11
1 0
0 1

# 17 FCminusFe 
.n 17 1 6
1 1
0 0

# 18 TAFC 
.n 18 1 6
1 1
0 0

# 19 LIP 
.n 19 5 12 14 18 20 22
11111 1
11110 1
11101 1
11100 1
11011 1
11010 0
11001 0
11000 0
10111 1
10110 0
10101 0
10100 0
10011 1
10010 0
10001 0
10000 0
01111 1
01110 0
01101 0
01100 0
01011 1
01010 0
01001 0
01000 0
00111 1
00110 0
00101 0
00100 0
00011 1
00010 0
00001 0
00000 0

# 20 RIA 
.n 20 1 7
1 0
0 1

# 21 Superoxide 
.n 21 0

# 22 Iron 
.n 22 0

.e End of file
