.v 13

.l 1 L
.l 2 P
.l 3 B
.l 4 Rm
.l 5 M
.l 6 Am
.l 7 A
.l 8 C
.l 9 Lm
.l 10 R
.l 11 Ge
.l 12 Le
.l 13 Lem

# 1 L 
.n 1 3 11 12 2
111 0
110 0
101 0
100 0
011 1
010 0
001 0
000 0

# 2 P 
.n 2 1 5
1 1
0 0

# 3 B 
.n 3 1 5
1 1
0 0

# 4 Rm 
.n 4 3 10 7 6
111 1
110 1
101 1
100 1
011 0
010 0
001 0
000 1

# 5 M 
.n 5 3 10 4 8
111 0
110 0
101 0
100 0
011 0
010 0
001 1
000 0

# 6 Am 
.n 6 2 9 1
11 1
10 1
01 1
00 0

# 7 A 
.n 7 2 3 1
11 1
10 0
01 0
00 0

# 8 C 
.n 8 1 11
1 0
0 1

# 9 Lm 
.n 9 4 11 12 2 13
1111 0
1110 0
1101 0
1100 0
1011 0
1010 0
1001 0
1000 0
0111 1
0110 1
0101 1
0100 1
0011 1
0010 0
0001 0
0000 0

# 10 R 
.n 10 2 6 7
11 0
10 0
01 0
00 1

# 11 Ge 
.n 11 0

# 12 Le 
.n 12 0

# 13 Lem 
.n 13 0

.e End of file
