.v 10

.l 1 Cdc20
.l 2 Cdh1
.l 3 CycA
.l 4 CycB
.l 5 CycD
.l 6 CycE
.l 7 E2F
.l 8 p27
.l 9 Rb
.l 10 UbcH10

# 1 Cdc20 
.n 1 1 4
0 0
1 1

# 2 Cdh1 
.n 2 4 1 3 4 8
0000 1
0001 1
0010 0
0011 0
0100 0
0101 1
0110 0
0111 0
1000 1
1001 1
1010 1
1011 1
1100 1
1101 1
1110 1
1111 1

# 3 CycA 
.n 3 6 1 2 3 7 9 10
000000 0
000001 0
000010 0
000011 0
000100 1
000101 1
000110 0
000111 0
001000 1
001001 1
001010 0
001011 0
001100 1
001101 1
001110 0
001111 0
010000 0
010001 0
010010 0
010011 0
010100 1
010101 0
010110 0
010111 0
011000 1
011001 0
011010 0
011011 0
011100 1
011101 0
011110 0
011111 0
100000 0
100001 0
100010 0
100011 0
100100 0
100101 0
100110 0
100111 0
101000 0
101001 0
101010 0
101011 0
101100 0
101101 0
101110 0
101111 0
110000 0
110001 0
110010 0
110011 0
110100 0
110101 0
110110 0
110111 0
111000 0
111001 0
111010 0
111011 0
111100 0
111101 0
111110 0
111111 0

# 4 CycB 
.n 4 2 1 2
00 1
01 0
10 0
11 0

# 5 CycD 
.n 5 1 5
0 1
1 1

# 6 CycE 
.n 6 2 7 9
00 0
01 0
10 1
11 0

# 7 E2F 
.n 7 4 3 4 9 8
0000 1
0001 1
0010 0
0011 0
0100 0
0101 0
0110 0
0111 0
1000 0
1001 1
1010 0
1011 0
1100 0
1101 0
1110 0
1111 0

# 8 p27 
.n 8 5 3 4 5 6 8
00000 1
00001 1
00010 0
00011 1
00100 0
00101 0
00110 0
00111 0
01000 0
01001 0
01010 0
01011 0
01100 0
01101 0
01110 0
01111 0
10000 0
10001 1
10010 0
10011 0
10100 0
10101 0
10110 0
10111 0
11000 0
11001 0
11010 0
11011 0
11100 0
11101 0
11110 0
11111 0

# 9 Rb 
.n 9 5 3 4 5 6 8
00000 1
00001 1
00010 0
00011 1
00100 0
00101 0
00110 0
00111 0
01000 0
01001 0
01010 0
01011 0
01100 0
01101 0
01110 0
01111 0
10000 0
10001 1
10010 0
10011 1
10100 0
10101 0
10110 0
10111 0
11000 0
11001 0
11010 0
11011 0
11100 0
11101 0
11110 0
11111 0

# 10 UbcH10 
.n 10 5 1 2 3 4 10
00000 1
00001 1
00010 1
00011 1
00100 1
00101 1
00110 1
00111 1
01000 0
01001 0
01010 0
01011 1
01100 0
01101 1
01110 0
01111 1
10000 1
10001 1
10010 1
10011 1
10100 1
10101 1
10110 1
10111 1
11000 0
11001 1
11010 0
11011 1
11100 0
11101 1
11110 0
11111 1

.e End of file
