.v 20

.l 1 Akt1
.l 2 CDK2
.l 3 CDK4
.l 4 CDK6
.l 5 cMYC
.l 6 CycD1
.l 7 CycE1
.l 8 ERa
.l 9 ErbB1
.l 10 ErbB1_2
.l 11 ErbB1_3
.l 12 ErbB2
.l 13 ErbB2_3
.l 14 ErbB3
.l 15 IGF1R
.l 16 MEK1
.l 17 p21
.l 18 p27
.l 19 pRB
.l 20 EGF

# 1 Akt1 
.n 1 5 9 10 11 13 15
00000 0
00001 1
00010 1
00011 1
00100 1
00101 1
00110 1
00111 1
01000 1
01001 1
01010 1
01011 1
01100 1
01101 1
01110 1
01111 1
10000 1
10001 1
10010 1
10011 1
10100 1
10101 1
10110 1
10111 1
11000 1
11001 1
11010 1
11011 1
11100 1
11101 1
11110 1
11111 1

# 2 CDK2 
.n 2 3 7 17 18
000 0
001 0
010 0
011 0
100 1
101 0
110 0
111 0

# 3 CDK4 
.n 3 3 6 17 18
000 0
001 0
010 0
011 0
100 1
101 0
110 0
111 0

# 4 CDK6 
.n 4 1 6
0 0
1 1

# 5 cMYC 
.n 5 3 1 8 16
000 0
001 1
010 1
011 1
100 1
101 1
110 1
111 1

# 6 CycD1 
.n 6 4 1 8 16 5
0000 0
0001 0
0010 0
0011 0
0100 0
0101 0
0110 0
0111 1
1000 0
1001 0
1010 0
1011 0
1100 0
1101 1
1110 0
1111 1

# 7 CycE1 
.n 7 1 5
0 0
1 1

# 8 ERa 
.n 8 2 1 16
00 0
01 1
10 1
11 1

# 9 ErbB1 
.n 9 1 20
0 0
1 1

# 10 ErbB1_2 
.n 10 2 9 12
00 0
01 0
10 0
11 1

# 11 ErbB1_3 
.n 11 2 9 14
00 0
01 0
10 0
11 1

# 12 ErbB2 
.n 12 1 20
0 0
1 1

# 13 ErbB2_3 
.n 13 2 12 14
00 0
01 0
10 0
11 1

# 14 ErbB3 
.n 14 1 20
0 0
1 1

# 15 IGF1R 
.n 15 3 1 8 13
000 0
001 0
010 1
011 0
100 1
101 0
110 1
111 0

# 16 MEK1 
.n 16 5 9 10 11 13 15
00000 0
00001 1
00010 1
00011 1
00100 1
00101 1
00110 1
00111 1
01000 1
01001 1
01010 1
01011 1
01100 1
01101 1
01110 1
01111 1
10000 1
10001 1
10010 1
10011 1
10100 1
10101 1
10110 1
10111 1
11000 1
11001 1
11010 1
11011 1
11100 1
11101 1
11110 1
11111 1

# 17 p21 
.n 17 4 1 3 8 5
0000 0
0001 0
0010 1
0011 0
0100 0
0101 0
0110 0
0111 0
1000 0
1001 0
1010 0
1011 0
1100 0
1101 0
1110 0
1111 0

# 18 p27 
.n 18 5 1 2 3 8 5
00000 0
00001 0
00010 1
00011 0
00100 0
00101 0
00110 0
00111 0
01000 0
01001 0
01010 0
01011 0
01100 0
01101 0
01110 0
01111 0
10000 0
10001 0
10010 0
10011 0
10100 0
10101 0
10110 0
10111 0
11000 0
11001 0
11010 0
11011 0
11100 0
11101 0
11110 0
11111 0

# 19 pRB 
.n 19 3 2 3 4
000 0
001 0
010 0
011 1
100 0
101 0
110 0
111 1

# 20 EGF 
.n 20 0

.e End of file
