.v 20

.l 1 Akt1
.l 2 ErbB1_3
.l 3 pRB
.l 4 IGF1R
.l 5 CycD1
.l 6 MEK1
.l 7 CDK4
.l 8 CDK6
.l 9 ErbB1
.l 10 ErbB2
.l 11 p27
.l 12 CycE1
.l 13 ErbB1_2
.l 14 CDK2
.l 15 p21
.l 16 ErbB2_3
.l 17 cMYC
.l 18 ErbB3
.l 19 ERa
.l 20 EGF

# 1 Akt1 
.n 1 5 2 4 9 13 16
11111 1
11110 1
11101 1
11100 1
11011 1
11010 1
11001 1
11000 1
10111 1
10110 1
10101 1
10100 1
10011 1
10010 1
10001 1
10000 1
01111 1
01110 1
01101 1
01100 1
01011 1
01010 1
01001 1
01000 1
00111 1
00110 1
00101 1
00100 1
00011 1
00010 1
00001 1
00000 0

# 2 ErbB1_3 
.n 2 2 9 18
11 1
10 0
01 0
00 0

# 3 pRB 
.n 3 3 7 8 14
111 1
110 1
101 0
100 0
011 0
010 0
001 0
000 0

# 4 IGF1R 
.n 4 3 1 16 19
111 0
110 0
101 1
100 1
011 0
010 0
001 1
000 0

# 5 CycD1 
.n 5 4 1 6 17 19
1111 1
1110 0
1101 0
1100 0
1011 1
1010 0
1001 0
1000 0
0111 1
0110 0
0101 0
0100 0
0011 0
0010 0
0001 0
0000 0

# 6 MEK1 
.n 6 5 2 4 9 13 16
11111 1
11110 1
11101 1
11100 1
11011 1
11010 1
11001 1
11000 1
10111 1
10110 1
10101 1
10100 1
10011 1
10010 1
10001 1
10000 1
01111 1
01110 1
01101 1
01100 1
01011 1
01010 1
01001 1
01000 1
00111 1
00110 1
00101 1
00100 1
00011 1
00010 1
00001 1
00000 0

# 7 CDK4 
.n 7 3 5 11 15
111 0
110 0
101 0
100 1
011 0
010 0
001 0
000 0

# 8 CDK6 
.n 8 1 5
1 1
0 0

# 9 ErbB1 
.n 9 1 20
1 1
0 0

# 10 ErbB2 
.n 10 1 20
1 1
0 0

# 11 p27 
.n 11 5 1 7 14 17 19
11111 0
11110 0
11101 0
11100 0
11011 0
11010 0
11001 0
11000 0
10111 0
10110 0
10101 0
10100 0
10011 0
10010 0
10001 0
10000 0
01111 0
01110 0
01101 0
01100 0
01011 0
01010 0
01001 0
01000 0
00111 0
00110 0
00101 0
00100 0
00011 0
00010 0
00001 1
00000 0

# 12 CycE1 
.n 12 1 17
1 1
0 0

# 13 ErbB1_2 
.n 13 2 9 10
11 1
10 0
01 0
00 0

# 14 CDK2 
.n 14 3 11 12 15
111 0
110 0
101 0
100 0
011 0
010 1
001 0
000 0

# 15 p21 
.n 15 4 1 7 17 19
1111 0
1110 0
1101 0
1100 0
1011 0
1010 0
1001 0
1000 0
0111 0
0110 0
0101 0
0100 0
0011 0
0010 0
0001 1
0000 0

# 16 ErbB2_3 
.n 16 2 10 18
11 1
10 0
01 0
00 0

# 17 cMYC 
.n 17 3 1 6 19
111 1
110 1
101 1
100 1
011 1
010 1
001 1
000 0

# 18 ErbB3 
.n 18 1 20
1 1
0 0

# 19 ERa 
.n 19 2 1 6
11 1
10 1
01 1
00 0

# 20 EGF 
.n 20 0

.e End of file
