.v 10

.l 1 Rb
.l 2 Cdc20
.l 3 CycA
.l 4 UbcH10
.l 5 p27
.l 6 CycD
.l 7 CycE
.l 8 Cdh1
.l 9 CycB
.l 10 E2F

# 1 Rb 
.n 1 5 3 5 6 7 9
11111 0
11110 0
11101 0
11100 0
11011 0
11010 1
11001 0
11000 1
10111 0
10110 0
10101 0
10100 0
10011 0
10010 0
10001 0
10000 0
01111 0
01110 0
01101 0
01100 0
01011 0
01010 1
01001 0
01000 1
00111 0
00110 0
00101 0
00100 0
00011 0
00010 0
00001 0
00000 1

# 2 Cdc20 
.n 2 1 9
1 1
0 0

# 3 CycA 
.n 3 6 1 2 3 4 8 10
111111 0
111110 0
111101 0
111100 0
111011 0
111010 0
111001 0
111000 0
110111 0
110110 0
110101 0
110100 0
110011 0
110010 0
110001 0
110000 0
101111 0
101110 0
101101 0
101100 0
101011 0
101010 0
101001 0
101000 0
100111 0
100110 0
100101 0
100100 0
100011 0
100010 0
100001 0
100000 0
011111 0
011110 0
011101 0
011100 0
011011 0
011010 0
011001 0
011000 0
010111 0
010110 0
010101 0
010100 0
010011 0
010010 0
010001 0
010000 0
001111 0
001110 0
001101 1
001100 1
001011 1
001010 1
001001 1
001000 1
000111 0
000110 0
000101 1
000100 0
000011 1
000010 0
000001 1
000000 0

# 4 UbcH10 
.n 4 5 2 3 4 8 9
11111 1
11110 1
11101 1
11100 1
11011 0
11010 0
11001 1
11000 1
10111 1
10110 1
10101 1
10100 1
10011 0
10010 0
10001 1
10000 1
01111 1
01110 1
01101 1
01100 1
01011 0
01010 0
01001 1
01000 1
00111 1
00110 0
00101 1
00100 1
00011 0
00010 0
00001 1
00000 1

# 5 p27 
.n 5 5 3 5 6 7 9
11111 0
11110 0
11101 0
11100 0
11011 0
11010 0
11001 0
11000 1
10111 0
10110 0
10101 0
10100 0
10011 0
10010 0
10001 0
10000 0
01111 0
01110 0
01101 0
01100 0
01011 0
01010 1
01001 0
01000 1
00111 0
00110 0
00101 0
00100 0
00011 0
00010 0
00001 0
00000 1

# 6 CycD 
.n 6 1 6
1 1
0 0

# 7 CycE 
.n 7 2 1 10
11 0
10 0
01 1
00 0

# 8 Cdh1 
.n 8 4 2 3 5 9
1111 1
1110 1
1101 1
1100 1
1011 1
1010 1
1001 1
1000 1
0111 0
0110 1
0101 0
0100 0
0011 0
0010 1
0001 0
0000 1

# 9 CycB 
.n 9 2 2 8
11 0
10 0
01 0
00 1

# 10 E2F 
.n 10 4 1 3 5 9
1111 0
1110 0
1101 0
1100 0
1011 0
1010 0
1001 0
1000 0
0111 0
0110 1
0101 0
0100 0
0011 0
0010 1
0001 0
0000 1

.e End of file
