.v 19

.l 1 Akt
.l 2 ARE
.l 3 ATM
.l 4 Bach1
.l 5 Bad
.l 6 Bcl2
.l 7 GSK3b
.l 8 Keap1
.l 9 Mdm2
.l 10 Nrf2
.l 11 p53
.l 12 PI3K
.l 13 PIP2
.l 14 PIP3_345
.l 15 PKC
.l 16 PTEN
.l 17 Ras
.l 18 ROS
.l 19 Stress

# 1 Akt 
.n 1 1 14
0 0
1 1

# 2 ARE 
.n 2 4 2 4 7 10
0000 0
0001 1
0010 0
0011 1
0100 0
0101 1
0110 0
0111 1
1000 0
1001 1
1010 0
1011 1
1100 0
1101 1
1110 0
1111 0

# 3 ATM 
.n 3 1 18
0 0
1 1

# 4 Bach1 
.n 4 1 18
0 1
1 0

# 5 Bad 
.n 5 1 1
0 1
1 0

# 6 Bcl2 
.n 6 2 5 11
00 1
01 0
10 0
11 0

# 7 GSK3b 
.n 7 1 1
0 1
1 0

# 8 Keap1 
.n 8 4 4 8 10 18
0000 0
0001 0
0010 0
0011 0
0100 0
0101 0
0110 0
0111 0
1000 0
1001 0
1010 1
1011 0
1100 1
1101 1
1110 1
1111 1

# 9 Mdm2 
.n 9 3 3 1 11
000 0
001 1
010 1
011 1
100 0
101 0
110 0
111 0

# 10 Nrf2 
.n 10 3 1 8 15
000 1
001 1
010 0
011 1
100 1
101 1
110 1
111 1

# 11 p53 
.n 11 2 3 9
00 0
01 0
10 1
11 0

# 12 PI3K 
.n 12 1 17
0 0
1 1

# 13 PIP2 
.n 13 1 12
0 0
1 1

# 14 PIP3_345 
.n 14 2 13 16
00 0
01 0
10 1
11 0

# 15 PKC 
.n 15 2 2 18
00 0
01 1
10 0
11 0

# 16 PTEN 
.n 16 1 18
0 1
1 0

# 17 Ras 
.n 17 1 18
0 0
1 1

# 18 ROS 
.n 18 2 2 19
00 0
01 1
10 0
11 0

# 19 Stress 
.n 19 0

.e End of file
