.v 19

.l 1 PKC
.l 2 Mdm2
.l 3 PIP3
.l 4 Bach1
.l 5 p53
.l 6 Ras
.l 7 ROS
.l 8 ARE
.l 9 ATM
.l 10 Bad
.l 11 GSK3b
.l 12 PTEN
.l 13 Nrf2
.l 14 PIP2
.l 15 PI3K
.l 16 Keap1
.l 17 Bcl2
.l 18 Akt
.l 19 Stress

# 1 PKC 
.n 1 2 7 8
11 0
10 1
01 0
00 0

# 2 Mdm2 
.n 2 3 5 9 18
111 0
110 0
101 1
100 1
011 0
010 0
001 1
000 0

# 3 PIP3 
.n 3 2 12 14
11 0
10 0
01 1
00 0

# 4 Bach1 
.n 4 1 7
1 0
0 1

# 5 p53 
.n 5 2 2 9
11 0
10 0
01 1
00 0

# 6 Ras 
.n 6 1 7
1 1
0 0

# 7 ROS 
.n 7 2 8 19
11 0
10 0
01 1
00 0

# 8 ARE 
.n 8 4 4 8 11 13
1111 0
1110 0
1101 0
1100 0
1011 0
1010 0
1001 0
1000 0
0111 0
0110 0
0101 0
0100 0
0011 0
0010 0
0001 1
0000 0

# 9 ATM 
.n 9 1 7
1 1
0 0

# 10 Bad 
.n 10 1 18
1 0
0 1

# 11 GSK3b 
.n 11 1 18
1 0
0 1

# 12 PTEN 
.n 12 1 7
1 0
0 1

# 13 Nrf2 
.n 13 3 1 16 18
111 1
110 1
101 1
100 1
011 1
010 0
001 1
000 1

# 14 PIP2 
.n 14 1 15
1 1
0 0

# 15 PI3K 
.n 15 1 6
1 1
0 0

# 16 Keap1 
.n 16 3 4 13 16
111 0
110 0
101 0
100 0
011 1
010 1
001 1
000 0

# 17 Bcl2 
.n 17 2 5 10
11 0
10 0
01 0
00 1

# 18 Akt 
.n 18 1 3
1 1
0 0

# 19 Stress 
.n 19 0

.e End of file
