.v 62

.l 1 Plasmin
.l 2 FAK
.l 3 uPA/PLAT
.l 4 TrkA
.l 5 Fosl1
.l 6 RAS
.l 7 MSK1/2
.l 8 Maff
.l 9 KLF2
.l 10 KLF5
.l 11 RSK
.l 12 Stat3
.l 13 DAG
.l 14 FRS2
.l 15 MKK6
.l 16 G(i/o)
.l 17 KLF6
.l 18 P38
.l 19 Dusp6
.l 20 Mmp3/10
.l 21 ATF2
.l 22 P53
.l 23 SRF
.l 24 RAP1
.l 25 AKT
.l 26 Npy
.l 27 ETS1
.l 28 Ca2+
.l 29 Egr1
.l 30 ECM
.l 31 Itga1
.l 32 MKK7
.l 33 MEKK4
.l 34 GRB2
.l 35 MEK
.l 36 JUND
.l 37 JNK
.l 38 MYC
.l 39 PI3K
.l 40 ZFP36
.l 41 NPYY1
.l 42 PKC
.l 43 KLF10
.l 44 JUNB
.l 45 AP1
.l 46 CREB
.l 47 FOS
.l 48 PLC
.l 49 RAF
.l 50 Mapk3k
.l 51 BTG2
.l 52 CITED2
.l 53 MEKK1
.l 54 uPAR
.l 55 KLF4
.l 56 RAC1
.l 57 SOS
.l 58 ARC
.l 59 SHC
.l 60 ERK
.l 61 C3G
.l 62 NGF

# 1 Plasmin 
.n 1 1 3
1 1
0 0

# 2 FAK 
.n 2 2 24 31
11 1
10 1
01 1
00 0

# 3 uPA/PLAT 
.n 3 1 54
1 1
0 0

# 4 TrkA 
.n 4 1 62
1 1
0 0

# 5 Fosl1 
.n 5 3 25 37 60
111 1
110 1
101 1
100 1
011 1
010 1
001 1
000 0

# 6 RAS 
.n 6 1 57
1 1
0 0

# 7 MSK1/2 
.n 7 2 18 60
11 1
10 1
01 1
00 0

# 8 Maff 
.n 8 3 21 37 60
111 1
110 1
101 1
100 1
011 1
010 1
001 1
000 0

# 9 KLF2 
.n 9 3 25 37 60
111 1
110 1
101 1
100 1
011 1
010 1
001 1
000 0

# 10 KLF5 
.n 10 3 22 25 60
111 1
110 1
101 1
100 1
011 1
010 1
001 1
000 0

# 11 RSK 
.n 11 1 60
1 1
0 0

# 12 Stat3 
.n 12 2 37 60
11 1
10 1
01 1
00 0

# 13 DAG 
.n 13 1 48
1 1
0 0

# 14 FRS2 
.n 14 1 4
1 1
0 0

# 15 MKK6 
.n 15 1 33
1 1
0 0

# 16 G(i/o) 
.n 16 1 41
1 1
0 0

# 17 KLF6 
.n 17 2 22 37
11 1
10 1
01 1
00 0

# 18 P38 
.n 18 2 15 50
11 1
10 1
01 1
00 0

# 19 Dusp6 
.n 19 1 27
1 1
0 0

# 20 Mmp3/10 
.n 20 1 1
1 1
0 0

# 21 ATF2 
.n 21 3 18 37 60
111 1
110 1
101 1
100 1
011 1
010 1
001 1
000 0

# 22 P53 
.n 22 3 25 37 60
111 1
110 1
101 1
100 1
011 1
010 1
001 1
000 0

# 23 SRF 
.n 23 1 11
1 1
0 0

# 24 RAP1 
.n 24 1 61
1 1
0 0

# 25 AKT 
.n 25 1 39
1 1
0 0

# 26 Npy 
.n 26 1 45
1 1
0 0

# 27 ETS1 
.n 27 2 37 60
11 1
10 1
01 1
00 0

# 28 Ca2+ 
.n 28 1 48
1 1
0 0

# 29 Egr1 
.n 29 3 25 37 60
111 1
110 1
101 1
100 1
011 1
010 1
001 1
000 0

# 30 ECM 
.n 30 1 20
1 1
0 0

# 31 Itga1 
.n 31 1 30
1 1
0 0

# 32 MKK7 
.n 32 1 53
1 1
0 0

# 33 MEKK4 
.n 33 1 56
1 1
0 0

# 34 GRB2 
.n 34 1 59
1 1
0 0

# 35 MEK 
.n 35 2 49 53
11 1
10 1
01 1
00 0

# 36 JUND 
.n 36 2 37 60
11 1
10 1
01 1
00 0

# 37 JNK 
.n 37 2 32 33
11 1
10 1
01 1
00 0

# 38 MYC 
.n 38 3 25 37 60
111 1
110 1
101 1
100 1
011 1
010 1
001 1
000 0

# 39 PI3K 
.n 39 1 4
1 1
0 0

# 40 ZFP36 
.n 40 2 37 60
11 1
10 1
01 1
00 0

# 41 NPYY1 
.n 41 1 26
1 1
0 0

# 42 PKC 
.n 42 2 13 28
11 1
10 1
01 1
00 0

# 43 KLF10 
.n 43 3 25 37 60
111 1
110 1
101 1
100 1
011 1
010 1
001 1
000 0

# 44 JUNB 
.n 44 3 25 37 60
111 1
110 1
101 1
100 1
011 1
010 1
001 1
000 0

# 45 AP1 
.n 45 4 5 36 44 47
1111 1
1110 1
1101 1
1100 1
1011 1
1010 1
1001 1
1000 1
0111 1
0110 1
0101 1
0100 1
0011 1
0010 1
0001 1
0000 0

# 46 CREB 
.n 46 3 7 11 25
111 1
110 1
101 1
100 1
011 1
010 1
001 1
000 0

# 47 FOS 
.n 47 3 25 37 60
111 1
110 1
101 1
100 1
011 1
010 1
001 1
000 0

# 48 PLC 
.n 48 2 4 16
11 1
10 1
01 1
00 0

# 49 RAF 
.n 49 2 6 42
11 1
10 1
01 1
00 0

# 50 Mapk3k 
.n 50 1 33
1 1
0 0

# 51 BTG2 
.n 51 2 25 37
11 1
10 1
01 1
00 0

# 52 CITED2 
.n 52 3 22 46 60
111 1
110 1
101 1
100 1
011 1
010 1
001 1
000 0

# 53 MEKK1 
.n 53 1 56
1 1
0 0

# 54 uPAR 
.n 54 1 45
1 1
0 0

# 55 KLF4 
.n 55 3 25 37 60
111 1
110 1
101 1
100 1
011 1
010 1
001 1
000 0

# 56 RAC1 
.n 56 1 6
1 1
0 0

# 57 SOS 
.n 57 1 34
1 1
0 0

# 58 ARC 
.n 58 2 29 46
11 1
10 1
01 1
00 0

# 59 SHC 
.n 59 2 2 4
11 1
10 1
01 1
00 0

# 60 ERK 
.n 60 1 35
1 1
0 0

# 61 C3G 
.n 61 1 14
1 1
0 0

# 62 NGF 
.n 62 0

.e End of file
