.v 15

.l 1 Nkx2.5
.l 2 GATAs
.l 3 Mesp1
.l 4 Bmp2
.l 5 Tbx5
.l 6 exogen_CanWnt_I
.l 7 Isl1
.l 8 exogen_CanWnt_II
.l 9 Dkk1
.l 10 Tbx1
.l 11 Foxc1.2
.l 12 exogen_BMP2_II
.l 13 canWnt
.l 14 Fgf8
.l 15 exogen_BMP2_I

# 1 Nkx2.5 
.n 1 7 2 3 4 5 7 9 10
1111111 1
1111110 1
1111101 1
1111100 1
1111011 1
1111010 1
1111001 1
1111000 1
1110111 1
1110110 1
1110101 1
1110100 1
1110011 1
1110010 1
1110001 1
1110000 1
1101111 1
1101110 1
1101101 1
1101100 1
1101011 1
1101010 1
1101001 1
1101000 1
1100111 1
1100110 1
1100101 1
1100100 1
1100011 1
1100010 1
1100001 1
1100000 0
1011111 1
1011110 1
1011101 1
1011100 1
1011011 1
1011010 1
1011001 1
1011000 1
1010111 1
1010110 1
1010101 1
1010100 1
1010011 1
1010010 1
1010001 1
1010000 1
1001111 1
1001110 1
1001101 1
1001100 1
1001011 1
1001010 1
1001001 1
1001000 1
1000111 1
1000110 1
1000101 1
1000100 1
1000011 1
1000010 0
1000001 1
1000000 0
0111111 1
0111110 1
0111101 1
0111100 1
0111011 1
0111010 1
0111001 1
0111000 1
0110111 1
0110110 1
0110101 1
0110100 0
0110011 1
0110010 1
0110001 1
0110000 0
0101111 1
0101110 1
0101101 1
0101100 1
0101011 1
0101010 1
0101001 1
0101000 1
0100111 1
0100110 1
0100101 1
0100100 0
0100011 1
0100010 1
0100001 1
0100000 0
0011111 1
0011110 1
0011101 1
0011100 1
0011011 1
0011010 1
0011001 1
0011000 1
0010111 1
0010110 0
0010101 1
0010100 0
0010011 1
0010010 0
0010001 1
0010000 0
0001111 1
0001110 1
0001101 1
0001100 1
0001011 1
0001010 1
0001001 1
0001000 1
0000111 1
0000110 0
0000101 1
0000100 0
0000011 1
0000010 0
0000001 1
0000000 0

# 2 GATAs 
.n 2 3 1 3 5
111 1
110 1
101 1
100 1
011 1
010 1
001 1
000 0

# 3 Mesp1 
.n 3 2 12 13
11 0
10 0
01 1
00 0

# 4 Bmp2 
.n 4 2 12 13
11 0
10 1
01 0
00 0

# 5 Tbx5 
.n 5 6 1 3 5 9 10 13
111111 0
111110 0
111101 0
111100 1
111011 0
111010 0
111001 0
111000 1
110111 0
110110 0
110101 0
110100 1
110011 0
110010 0
110001 0
110000 1
101111 0
101110 0
101101 0
101100 1
101011 0
101010 0
101001 0
101000 1
100111 0
100110 0
100101 0
100100 0
100011 0
100010 0
100001 0
100000 1
011111 0
011110 0
011101 0
011100 1
011011 0
011010 0
011001 0
011000 1
010111 0
010110 0
010101 0
010100 1
010011 0
010010 0
010001 0
010000 1
001111 0
001110 0
001101 0
001100 1
001011 0
001010 0
001001 0
001000 1
000111 0
000110 0
000101 0
000100 0
000011 0
000010 0
000001 0
000000 0

# 6 exogen_CanWnt_I 
.n 6 1 6
1 1
0 0

# 7 Isl1 
.n 7 5 3 8 10 13 14
11111 1
11110 1
11101 1
11100 1
11011 1
11010 1
11001 1
11000 1
10111 1
10110 1
10101 1
10100 1
10011 1
10010 1
10001 1
10000 1
01111 1
01110 1
01101 1
01100 1
01011 1
01010 1
01001 1
01000 0
00111 1
00110 1
00101 1
00100 1
00011 1
00010 0
00001 1
00000 0

# 8 exogen_CanWnt_II 
.n 8 1 6
1 1
0 0

# 9 Dkk1 
.n 9 3 3 12 13
111 1
110 1
101 1
100 1
011 0
010 0
001 1
000 0

# 10 Tbx1 
.n 10 1 11
1 1
0 0

# 11 Foxc1.2 
.n 11 2 8 13
11 1
10 0
01 0
00 0

# 12 exogen_BMP2_II 
.n 12 1 15
1 1
0 0

# 13 canWnt 
.n 13 1 8
1 1
0 0

# 14 Fgf8 
.n 14 3 3 10 11
111 0
110 0
101 0
100 0
011 1
010 1
001 1
000 0

# 15 exogen_BMP2_I 
.n 15 0

.e End of file
