.v 26

.l 1 NfkB_H
.l 2 VCAM1_M
.l 3 ERK_H
.l 4 VLA4_H
.l 5 FoxO3a_H
.l 6 Bcatenin_H
.l 7 lTLR
.l 8 ROS_H
.l 9 FoxO3a_M
.l 10 Gfi1_H
.l 11 Cx43_M
.l 12 GSK3B_H
.l 13 CXCR7_H
.l 14 GSK3B_M
.l 15 PI3KAkt_M
.l 16 GCSF
.l 17 TLR_H
.l 18 CXCL12_M
.l 19 Bcatenin_M
.l 20 NfkB_M
.l 21 TLR_M
.l 22 CXCR4_H
.l 23 IL1
.l 24 ROS_M
.l 25 ERK_M
.l 26 PI3KAkt_H

# 1 NfkB_H 
.n 1 5 5 8 17 23 26
11111 0
11110 0
11101 0
11100 0
11011 0
11010 0
11001 0
11000 0
10111 0
10110 0
10101 0
10100 0
10011 0
10010 0
10001 0
10000 0
01111 1
01110 1
01101 1
01100 1
01011 1
01010 1
01001 1
01000 1
00111 1
00110 1
00101 1
00100 1
00011 1
00010 0
00001 0
00000 0

# 2 VCAM1_M 
.n 2 3 15 19 20
111 1
110 1
101 1
100 1
011 1
010 0
001 1
000 1

# 3 ERK_H 
.n 3 9 4 5 8 10 12 13 16 22 26
111111111 0
111111110 0
111111101 0
111111100 0
111111011 0
111111010 0
111111001 0
111111000 0
111110111 0
111110110 0
111110101 0
111110100 0
111110011 0
111110010 0
111110001 0
111110000 0
111101111 0
111101110 0
111101101 0
111101100 0
111101011 0
111101010 0
111101001 0
111101000 0
111100111 0
111100110 0
111100101 0
111100100 0
111100011 0
111100010 0
111100001 0
111100000 0
111011111 0
111011110 0
111011101 0
111011100 0
111011011 0
111011010 0
111011001 0
111011000 0
111010111 0
111010110 0
111010101 0
111010100 0
111010011 0
111010010 0
111010001 0
111010000 0
111001111 0
111001110 0
111001101 0
111001100 0
111001011 0
111001010 0
111001001 0
111001000 0
111000111 0
111000110 0
111000101 0
111000100 0
111000011 0
111000010 0
111000001 0
111000000 0
110111111 0
110111110 0
110111101 0
110111100 0
110111011 0
110111010 0
110111001 0
110111000 0
110110111 0
110110110 0
110110101 0
110110100 0
110110011 0
110110010 0
110110001 0
110110000 0
110101111 0
110101110 0
110101101 0
110101100 0
110101011 0
110101010 0
110101001 0
110101000 0
110100111 0
110100110 0
110100101 0
110100100 0
110100011 0
110100010 0
110100001 0
110100000 0
110011111 0
110011110 0
110011101 0
110011100 0
110011011 0
110011010 0
110011001 0
110011000 0
110010111 0
110010110 0
110010101 0
110010100 0
110010011 0
110010010 0
110010001 0
110010000 0
110001111 0
110001110 0
110001101 0
110001100 0
110001011 0
110001010 0
110001001 0
110001000 0
110000111 0
110000110 0
110000101 0
110000100 0
110000011 0
110000010 0
110000001 0
110000000 0
101111111 0
101111110 0
101111101 0
101111100 0
101111011 0
101111010 0
101111001 0
101111000 0
101110111 0
101110110 0
101110101 0
101110100 0
101110011 0
101110010 0
101110001 0
101110000 0
101101111 1
101101110 1
101101101 1
101101100 1
101101011 1
101101010 1
101101001 1
101101000 1
101100111 1
101100110 1
101100101 1
101100100 1
101100011 1
101100010 1
101100001 1
101100000 1
101011111 0
101011110 0
101011101 0
101011100 0
101011011 0
101011010 0
101011001 0
101011000 0
101010111 0
101010110 0
101010101 0
101010100 0
101010011 0
101010010 0
101010001 0
101010000 0
101001111 1
101001110 1
101001101 1
101001100 1
101001011 1
101001010 1
101001001 1
101001000 1
101000111 1
101000110 1
101000101 1
101000100 1
101000011 1
101000010 1
101000001 1
101000000 1
100111111 0
100111110 0
100111101 0
100111100 0
100111011 0
100111010 0
100111001 0
100111000 0
100110111 0
100110110 0
100110101 0
100110100 0
100110011 0
100110010 0
100110001 0
100110000 0
100101111 1
100101110 1
100101101 1
100101100 1
100101011 1
100101010 1
100101001 1
100101000 1
100100111 1
100100110 1
100100101 1
100100100 1
100100011 1
100100010 1
100100001 1
100100000 1
100011111 0
100011110 0
100011101 0
100011100 0
100011011 0
100011010 0
100011001 0
100011000 0
100010111 0
100010110 0
100010101 0
100010100 0
100010011 0
100010010 0
100010001 0
100010000 0
100001111 1
100001110 1
100001101 1
100001100 1
100001011 1
100001010 1
100001001 1
100001000 1
100000111 1
100000110 1
100000101 1
100000100 1
100000011 1
100000010 1
100000001 1
100000000 1
011111111 0
011111110 0
011111101 0
011111100 0
011111011 0
011111010 0
011111001 0
011111000 0
011110111 0
011110110 0
011110101 0
011110100 0
011110011 0
011110010 0
011110001 0
011110000 0
011101111 0
011101110 0
011101101 0
011101100 0
011101011 0
011101010 0
011101001 0
011101000 0
011100111 0
011100110 0
011100101 0
011100100 0
011100011 0
011100010 0
011100001 0
011100000 0
011011111 0
011011110 0
011011101 0
011011100 0
011011011 0
011011010 0
011011001 0
011011000 0
011010111 0
011010110 0
011010101 0
011010100 0
011010011 0
011010010 0
011010001 0
011010000 0
011001111 0
011001110 0
011001101 0
011001100 0
011001011 0
011001010 0
011001001 0
011001000 0
011000111 0
011000110 0
011000101 0
011000100 0
011000011 0
011000010 0
011000001 0
011000000 0
010111111 0
010111110 0
010111101 0
010111100 0
010111011 0
010111010 0
010111001 0
010111000 0
010110111 0
010110110 0
010110101 0
010110100 0
010110011 0
010110010 0
010110001 0
010110000 0
010101111 0
010101110 0
010101101 0
010101100 0
010101011 0
010101010 0
010101001 0
010101000 0
010100111 0
010100110 0
010100101 0
010100100 0
010100011 0
010100010 0
010100001 0
010100000 0
010011111 0
010011110 0
010011101 0
010011100 0
010011011 0
010011010 0
010011001 0
010011000 0
010010111 0
010010110 0
010010101 0
010010100 0
010010011 0
010010010 0
010010001 0
010010000 0
010001111 0
010001110 0
010001101 0
010001100 0
010001011 0
010001010 0
010001001 0
010001000 0
010000111 0
010000110 0
010000101 0
010000100 0
010000011 0
010000010 0
010000001 0
010000000 0
001111111 0
001111110 0
001111101 0
001111100 0
001111011 0
001111010 0
001111001 0
001111000 0
001110111 0
001110110 0
001110101 0
001110100 0
001110011 0
001110010 0
001110001 0
001110000 0
001101111 1
001101110 1
001101101 1
001101100 1
001101011 1
001101010 1
001101001 1
001101000 1
001100111 1
001100110 1
001100101 1
001100100 1
001100011 1
001100010 1
001100001 1
001100000 1
001011111 0
001011110 0
001011101 0
001011100 0
001011011 0
001011010 0
001011001 0
001011000 0
001010111 0
001010110 0
001010101 0
001010100 0
001010011 0
001010010 0
001010001 0
001010000 0
001001111 1
001001110 1
001001101 1
001001100 1
001001011 1
001001010 1
001001001 1
001001000 1
001000111 1
001000110 1
001000101 1
001000100 1
001000011 1
001000010 1
001000001 1
001000000 1
000111111 0
000111110 0
000111101 0
000111100 0
000111011 0
000111010 0
000111001 0
000111000 0
000110111 0
000110110 0
000110101 0
000110100 0
000110011 0
000110010 0
000110001 0
000110000 0
000101111 1
000101110 1
000101101 1
000101100 1
000101011 1
000101010 1
000101001 1
000101000 1
000100111 1
000100110 1
000100101 1
000100100 1
000100011 1
000100010 1
000100001 1
000100000 1
000011111 0
000011110 0
000011101 0
000011100 0
000011011 0
000011010 0
000011001 0
000011000 0
000010111 0
000010110 0
000010101 0
000010100 0
000010011 0
000010010 0
000010001 0
000010000 0
000001111 1
000001110 1
000001101 1
000001100 1
000001011 1
000001010 1
000001001 1
000001000 1
000000111 1
000000110 1
000000101 1
000000100 1
000000011 1
000000010 0
000000001 0
000000000 0

# 4 VLA4_H 
.n 4 2 2 22
11 1
10 0
01 0
00 0

# 5 FoxO3a_H 
.n 5 4 3 6 8 26
1111 0
1110 0
1101 0
1100 0
1011 0
1010 0
1001 0
1000 0
0111 0
0110 1
0101 0
0100 1
0011 0
0010 1
0001 0
0000 0

# 6 Bcatenin_H 
.n 6 1 12
1 0
0 1

# 7 lTLR 
.n 7 1 7
1 1
0 0

# 8 ROS_H 
.n 8 3 5 17 23
111 0
110 0
101 0
100 0
011 1
010 0
001 0
000 0

# 9 FoxO3a_M 
.n 9 4 15 19 24 25
1111 0
1110 0
1101 0
1100 0
1011 0
1010 0
1001 0
1000 0
0111 0
0110 1
0101 0
0100 1
0011 0
0010 1
0001 0
0000 0

# 10 Gfi1_H 
.n 10 3 10 16 17
111 0
110 0
101 0
100 0
011 1
010 1
001 1
000 0

# 11 Cx43_M 
.n 11 1 11
1 1
0 0

# 12 GSK3B_H 
.n 12 1 26
1 0
0 1

# 13 CXCR7_H 
.n 13 2 1 18
11 1
10 0
01 0
00 0

# 14 GSK3B_M 
.n 14 1 15
1 0
0 1

# 15 PI3KAkt_M 
.n 15 3 16 21 24
111 1
110 1
101 1
100 1
011 1
010 1
001 1
000 0

# 16 GCSF 
.n 16 1 23
1 1
0 0

# 17 TLR_H 
.n 17 1 7
1 1
0 0

# 18 CXCL12_M 
.n 18 4 11 16 19 20
1111 0
1110 0
1101 0
1100 0
1011 0
1010 0
1001 0
1000 1
0111 0
0110 0
0101 0
0100 0
0011 0
0010 0
0001 0
0000 0

# 19 Bcatenin_M 
.n 19 3 9 14 20
111 0
110 0
101 0
100 0
011 0
010 0
001 0
000 1

# 20 NfkB_M 
.n 20 5 15 21 23 24 25
11111 1
11110 1
11101 1
11100 1
11011 1
11010 1
11001 1
11000 1
10111 1
10110 1
10101 1
10100 1
10011 1
10010 0
10001 0
10000 0
01111 1
01110 1
01101 1
01100 1
01011 1
01010 1
01001 1
01000 1
00111 1
00110 0
00101 0
00100 0
00011 1
00010 0
00001 0
00000 0

# 21 TLR_M 
.n 21 1 7
1 1
0 0

# 22 CXCR4_H 
.n 22 4 10 13 16 18
1111 0
1110 0
1101 0
1100 0
1011 0
1010 0
1001 0
1000 0
0111 0
0110 0
0101 0
0100 0
0011 0
0010 0
0001 1
0000 0

# 23 IL1 
.n 23 6 1 8 15 20 24 26
111111 0
111110 1
111101 0
111100 1
111011 0
111010 1
111001 0
111000 1
110111 1
110110 1
110101 1
110100 1
110011 1
110010 1
110001 0
110000 1
101111 0
101110 1
101101 0
101100 1
101011 0
101010 1
101001 0
101000 1
100111 1
100110 1
100101 1
100100 1
100011 1
100010 1
100001 0
100000 1
011111 0
011110 1
011101 0
011100 1
011011 0
011010 1
011001 0
011000 1
010111 1
010110 1
010101 1
010100 1
010011 1
010010 1
010001 0
010000 1
001111 0
001110 0
001101 0
001100 0
001011 0
001010 0
001001 0
001000 0
000111 1
000110 1
000101 1
000100 1
000011 1
000010 1
000001 0
000000 0

# 24 ROS_M 
.n 24 3 9 21 23
111 0
110 0
101 0
100 0
011 1
010 0
001 0
000 0

# 25 ERK_M 
.n 25 3 16 21 24
111 1
110 1
101 1
100 1
011 1
010 1
001 1
000 0

# 26 PI3KAkt_H 
.n 26 7 4 5 8 13 16 17 22
1111111 0
1111110 0
1111101 0
1111100 0
1111011 0
1111010 0
1111001 0
1111000 0
1110111 0
1110110 0
1110101 0
1110100 0
1110011 0
1110010 0
1110001 0
1110000 0
1101111 0
1101110 0
1101101 0
1101100 0
1101011 0
1101010 0
1101001 0
1101000 0
1100111 0
1100110 0
1100101 0
1100100 0
1100011 0
1100010 0
1100001 0
1100000 0
1011111 1
1011110 1
1011101 1
1011100 1
1011011 1
1011010 1
1011001 1
1011000 1
1010111 1
1010110 1
1010101 1
1010100 1
1010011 1
1010010 1
1010001 1
1010000 1
1001111 1
1001110 1
1001101 1
1001100 1
1001011 1
1001010 1
1001001 1
1001000 1
1000111 1
1000110 1
1000101 1
1000100 1
1000011 1
1000010 1
1000001 1
1000000 1
0111111 0
0111110 0
0111101 0
0111100 0
0111011 0
0111010 0
0111001 0
0111000 0
0110111 0
0110110 0
0110101 0
0110100 0
0110011 0
0110010 0
0110001 0
0110000 0
0101111 0
0101110 0
0101101 0
0101100 0
0101011 0
0101010 0
0101001 0
0101000 0
0100111 0
0100110 0
0100101 0
0100100 0
0100011 0
0100010 0
0100001 0
0100000 0
0011111 1
0011110 1
0011101 1
0011100 1
0011011 1
0011010 1
0011001 1
0011000 1
0010111 1
0010110 1
0010101 1
0010100 1
0010011 1
0010010 1
0010001 1
0010000 1
0001111 1
0001110 1
0001101 1
0001100 1
0001011 1
0001010 1
0001001 1
0001000 0
0000111 1
0000110 1
0000101 1
0000100 1
0000011 1
0000010 1
0000001 0
0000000 0

.e End of file
