.v 31

.l 1 dma1
.l 2 pom1
.l 3 flp1
.l 4 spg1
.l 5 cdc42
.l 6 cdc16
.l 7 sid2
.l 8 orb6
.l 9 cdc7
.l 10 SIP
.l 11 Rga4
.l 12 cdc11
.l 13 byr4
.l 14 fin1
.l 15 sid4
.l 16 plo1
.l 17 pmo25
.l 18 byr4-cdc16
.l 19 scd1
.l 20 pak1
.l 21 cdc14-sid1
.l 22 nak1
.l 23 gef1
.l 24 cdk-0
.l 25 CK1
.l 26 cdk-L
.l 27 sid2-mob1
.l 28 etd1
.l 29 ppc89
.l 30 cdk-H
.l 31 ras1

# 1 dma1 
.n 1 2 15 25
11 1
10 0
01 0
00 0

# 2 pom1 
.n 2 1 20
1 1
0 0

# 3 flp1 
.n 3 3 24 27 30
111 0
110 1
101 0
100 1
011 0
010 1
001 0
000 0

# 4 spg1 
.n 4 3 12 18 28
111 0
110 0
101 1
100 1
011 0
010 0
001 1
000 0

# 5 cdc42 
.n 5 3 11 19 23
111 0
110 0
101 0
100 0
011 1
010 1
001 1
000 0

# 6 cdc16 
.n 6 1 14
1 0
0 1

# 7 sid2 
.n 7 3 9 10 12
111 1
110 1
101 1
100 1
011 0
010 0
001 0
000 0

# 8 orb6 
.n 8 2 20 22
11 1
10 1
01 1
00 0

# 9 cdc7 
.n 9 2 4 12
11 1
10 0
01 0
00 0

# 10 SIP 
.n 10 3 24 29 30
111 0
110 0
101 1
100 0
011 1
010 0
001 1
000 0

# 11 Rga4 
.n 11 1 2
1 0
0 1

# 12 cdc11 
.n 12 4 3 6 9 15
1111 1
1110 1
1101 1
1100 1
1011 1
1010 1
1001 1
1000 0
0111 1
0110 1
0101 1
0100 1
0011 1
0010 1
0001 1
0000 0

# 13 byr4 
.n 13 4 5 16 26 30
1111 0
1110 0
1101 0
1100 0
1011 0
1010 0
1001 0
1000 0
0111 0
0110 1
0101 0
0100 0
0011 1
0010 1
0001 0
0000 0

# 14 fin1 
.n 14 1 30
1 1
0 0

# 15 sid4 
.n 15 1 29
1 1
0 0

# 16 plo1 
.n 16 4 1 15 26 30
1111 0
1110 0
1101 0
1100 0
1011 0
1010 0
1001 1
1000 0
0111 1
0110 1
0101 1
0100 1
0011 0
0010 0
0001 1
0000 0

# 17 pmo25 
.n 17 2 9 21
11 1
10 1
01 1
00 0

# 18 byr4-cdc16 
.n 18 2 6 13
11 1
10 0
01 0
00 0

# 19 scd1 
.n 19 1 31
1 1
0 0

# 20 pak1 
.n 20 1 5
1 1
0 0

# 21 cdc14-sid1 
.n 21 1 9
1 1
0 0

# 22 nak1 
.n 22 3 17 27 30
111 1
110 1
101 1
100 1
011 1
010 0
001 0
000 0

# 23 gef1 
.n 23 1 8
1 1
0 0

# 24 cdk-0 
.n 24 0

# 25 CK1 
.n 25 0

# 26 cdk-L 
.n 26 0

# 27 sid2-mob1 
.n 27 0

# 28 etd1 
.n 28 0

# 29 ppc89 
.n 29 0

# 30 cdk-H 
.n 30 0

# 31 ras1 
.n 31 0

.e End of file
