.v 66

.l 1 sporulation
.l 2 crt
.l 3 AbrB
.l 4 ethanol
.l 5 butanol
.l 6 ptb
.l 7 cell_membrane
.l 8 ctfB
.l 9 sigH
.l 10 sigF
.l 11 glucose+PTS
.l 12 acetic_acid
.l 13 acetoacetate
.l 14 ack
.l 15 lactic_acid
.l 16 3-hydroxybutyryl-CoA
.l 17 spoIIAB+p
.l 18 crotonoyl-CoA
.l 19 acetaldehyde
.l 20 butyrate
.l 21 sigG
.l 22 adhB
.l 23 spoIIAA
.l 24 spo0A
.l 25 ald
.l 26 sigK
.l 27 bcd
.l 28 butyryl-CoA
.l 29 thlA
.l 30 butanal
.l 31 sigE
.l 32 adc
.l 33 bdhAB
.l 34 acetate
.l 35 spoIIA+p
.l 36 butyryl-p
.l 37 adhA
.l 38 pta
.l 39 acetyl-CoA
.l 40 buk1
.l 41 lactate
.l 42 hbd
.l 43 pyk
.l 44 acetone
.l 45 acetyl-p
.l 46 ctfA
.l 47 spoIIAB
.l 48 butyric_acid
.l 49 pyruvate
.l 50 ferredoxin
.l 51 EtfAB
.l 52 spo0A+p
.l 53 acetoacetyl-CoA
.l 54 NAD(P)H
.l 55 sigA
.l 56 spoIIE
.l 57 glucose
.l 58 NADH
.l 59 phosphorylation
.l 60 PTS
.l 61 pfo
.l 62 pfk
.l 63 pgi
.l 64 Rnf
.l 65 gap-pgk-tpi-pgm-X276_23705-eno
.l 66 fba

# 1 sporulation 
.n 1 7 7 9 21 26 31 52 55
1111111 0
1111110 0
1111101 0
1111100 0
1111011 0
1111010 0
1111001 0
1111000 0
1110111 0
1110110 0
1110101 0
1110100 0
1110011 0
1110010 0
1110001 0
1110000 0
1101111 0
1101110 0
1101101 0
1101100 0
1101011 0
1101010 0
1101001 0
1101000 0
1100111 0
1100110 0
1100101 0
1100100 0
1100011 0
1100010 0
1100001 0
1100000 0
1011111 0
1011110 0
1011101 0
1011100 0
1011011 0
1011010 0
1011001 0
1011000 0
1010111 0
1010110 0
1010101 0
1010100 0
1010011 0
1010010 0
1010001 0
1010000 0
1001111 0
1001110 0
1001101 0
1001100 0
1001011 0
1001010 0
1001001 0
1001000 0
1000111 0
1000110 0
1000101 0
1000100 0
1000011 0
1000010 0
1000001 0
1000000 0
0111111 1
0111110 1
0111101 1
0111100 1
0111011 1
0111010 1
0111001 1
0111000 1
0110111 1
0110110 1
0110101 1
0110100 1
0110011 1
0110010 1
0110001 1
0110000 1
0101111 1
0101110 1
0101101 1
0101100 1
0101011 1
0101010 1
0101001 1
0101000 1
0100111 1
0100110 1
0100101 1
0100100 1
0100011 1
0100010 1
0100001 1
0100000 1
0011111 1
0011110 1
0011101 1
0011100 0
0011011 1
0011010 1
0011001 1
0011000 0
0010111 1
0010110 1
0010101 1
0010100 0
0010011 1
0010010 1
0010001 1
0010000 0
0001111 1
0001110 1
0001101 1
0001100 0
0001011 1
0001010 1
0001001 1
0001000 0
0000111 1
0000110 1
0000101 1
0000100 0
0000011 1
0000010 1
0000001 0
0000000 0

# 2 crt 
.n 2 2 1 52
11 0
10 0
01 0
00 1

# 3 AbrB 
.n 3 1 52
1 0
0 1

# 4 ethanol 
.n 4 5 1 19 22 25 37
11111 0
11110 0
11101 0
11100 0
11011 0
11010 0
11001 0
11000 0
10111 0
10110 0
10101 0
10100 0
10011 0
10010 0
10001 0
10000 0
01111 0
01110 0
01101 1
01100 1
01011 0
01010 0
01001 1
01000 1
00111 0
00110 0
00101 1
00100 1
00011 0
00010 0
00001 1
00000 0

# 5 butanol 
.n 5 6 1 22 30 33 37 54
111111 0
111110 0
111101 0
111100 0
111011 0
111010 0
111001 0
111000 0
110111 0
110110 0
110101 0
110100 0
110011 0
110010 0
110001 0
110000 0
101111 0
101110 0
101101 0
101100 0
101011 0
101010 0
101001 0
101000 0
100111 0
100110 0
100101 0
100100 0
100011 0
100010 0
100001 0
100000 0
011111 1
011110 1
011101 1
011100 1
011011 1
011010 1
011001 1
011000 1
010111 1
010110 1
010101 1
010100 1
010011 1
010010 1
010001 1
010000 1
001111 1
001110 1
001101 1
001100 1
001011 1
001010 1
001001 1
001000 1
000111 1
000110 1
000101 1
000100 1
000011 1
000010 1
000001 1
000000 0

# 6 ptb 
.n 6 2 1 52
11 0
10 0
01 0
00 1

# 7 cell_membrane 
.n 7 5 4 5 20 44 57
11111 0
11110 0
11101 0
11100 0
11011 0
11010 0
11001 0
11000 0
10111 0
10110 0
10101 0
10100 0
10011 0
10010 0
10001 0
10000 0
01111 0
01110 0
01101 1
01100 1
01011 0
01010 0
01001 0
01000 0
00111 0
00110 0
00101 1
00100 1
00011 0
00010 0
00001 1
00000 0

# 8 ctfB 
.n 8 1 52
1 1
0 0

# 9 sigH 
.n 9 1 55
1 1
0 0

# 10 sigF 
.n 10 3 9 47 56
111 1
110 0
101 1
100 1
011 1
010 0
001 1
000 0

# 11 glucose+PTS 
.n 11 4 1 7 57 60
1111 1
1110 0
1101 0
1100 0
1011 0
1010 0
1001 0
1000 0
0111 1
0110 0
0101 0
0100 0
0011 0
0010 0
0001 0
0000 0

# 12 acetic_acid 
.n 12 3 1 34 45
111 0
110 0
101 0
100 0
011 1
010 0
001 0
000 0

# 13 acetoacetate 
.n 13 3 8 46 53
111 1
110 1
101 1
100 1
011 1
010 1
001 1
000 0

# 14 ack 
.n 14 2 1 52
11 0
10 0
01 0
00 1

# 15 lactic_acid 
.n 15 2 1 41
11 0
10 0
01 1
00 0

# 16 3-hydroxybutyryl-CoA 
.n 16 3 2 42 53
111 1
110 1
101 1
100 1
011 1
010 1
001 1
000 0

# 17 spoIIAB+p 
.n 17 2 47 59
11 1
10 0
01 0
00 0

# 18 crotonoyl-CoA 
.n 18 3 2 16 50
111 1
110 1
101 1
100 1
011 1
010 1
001 1
000 0

# 19 acetaldehyde 
.n 19 2 25 39
11 1
10 1
01 1
00 0

# 20 butyrate 
.n 20 4 6 11 20 40
1111 0
1110 0
1101 1
1100 1
1011 0
1010 0
1001 1
1000 1
0111 0
0110 0
0101 1
0100 1
0011 0
0010 0
0001 1
0000 0

# 21 sigG 
.n 21 1 31
1 1
0 0

# 22 adhB 
.n 22 1 52
1 1
0 0

# 23 spoIIAA 
.n 23 3 9 52 56
111 1
110 1
101 1
100 0
011 1
010 0
001 1
000 0

# 24 spo0A 
.n 24 2 26 52
11 1
10 1
01 1
00 0

# 25 ald 
.n 25 2 26 52
11 1
10 1
01 1
00 0

# 26 sigK 
.n 26 1 21
1 1
0 0

# 27 bcd 
.n 27 2 1 52
11 0
10 0
01 0
00 1

# 28 butyryl-CoA 
.n 28 6 18 20 25 27 51 53
111111 1
111110 1
111101 1
111100 1
111011 1
111010 1
111001 1
111000 1
110111 1
110110 1
110101 1
110100 1
110011 1
110010 1
110001 1
110000 1
101111 1
101110 1
101101 1
101100 1
101011 1
101010 1
101001 1
101000 1
100111 1
100110 1
100101 1
100100 1
100011 1
100010 1
100001 1
100000 1
011111 1
011110 1
011101 1
011100 1
011011 1
011010 1
011001 1
011000 1
010111 1
010110 1
010101 1
010100 1
010011 1
010010 1
010001 1
010000 0
001111 1
001110 1
001101 1
001100 1
001011 1
001010 1
001001 1
001000 1
000111 1
000110 1
000101 1
000100 1
000011 1
000010 1
000001 0
000000 0

# 29 thlA 
.n 29 1 52
1 1
0 0

# 30 butanal 
.n 30 3 25 28 33
111 1
110 1
101 1
100 1
011 1
010 1
001 1
000 0

# 31 sigE 
.n 31 2 10 52
11 1
10 1
01 1
00 0

# 32 adc 
.n 32 1 52
1 1
0 0

# 33 bdhAB 
.n 33 1 52
1 1
0 0

# 34 acetate 
.n 34 4 11 14 38 44
1111 1
1110 1
1101 1
1100 1
1011 1
1010 0
1001 1
1000 0
0111 1
0110 1
0101 1
0100 1
0011 1
0010 0
0001 0
0000 0

# 35 spoIIA+p 
.n 35 2 23 47
11 1
10 0
01 0
00 0

# 36 butyryl-p 
.n 36 1 28
1 1
0 0

# 37 adhA 
.n 37 1 52
1 1
0 0

# 38 pta 
.n 38 2 1 52
11 0
10 0
01 0
00 1

# 39 acetyl-CoA 
.n 39 5 29 34 49 53 61
11111 1
11110 1
11101 1
11100 1
11011 1
11010 1
11001 1
11000 1
10111 1
10110 1
10101 1
10100 1
10011 1
10010 1
10001 1
10000 1
01111 1
01110 1
01101 1
01100 1
01011 1
01010 1
01001 1
01000 0
00111 1
00110 1
00101 1
00100 1
00011 1
00010 0
00001 1
00000 0

# 40 buk1 
.n 40 2 1 52
11 0
10 0
01 0
00 1

# 41 lactate 
.n 41 2 49 50
11 0
10 1
01 0
00 0

# 42 hbd 
.n 42 2 1 52
11 0
10 0
01 0
00 1

# 43 pyk 
.n 43 1 62
1 1
0 0

# 44 acetone 
.n 44 3 1 13 32
111 0
110 0
101 0
100 0
011 1
010 1
001 1
000 0

# 45 acetyl-p 
.n 45 1 39
1 1
0 0

# 46 ctfA 
.n 46 1 52
1 1
0 0

# 47 spoIIAB 
.n 47 4 9 23 52 56
1111 0
1110 1
1101 0
1100 0
1011 1
1010 1
1001 0
1000 0
0111 0
0110 0
0101 0
0100 0
0011 0
0010 0
0001 0
0000 0

# 48 butyric_acid 
.n 48 3 1 20 36
111 0
110 0
101 0
100 0
011 1
010 0
001 0
000 0

# 49 pyruvate 
.n 49 5 11 43 63 65 66
11111 1
11110 1
11101 1
11100 1
11011 1
11010 1
11001 1
11000 1
10111 1
10110 1
10101 1
10100 1
10011 1
10010 1
10001 1
10000 1
01111 1
01110 1
01101 1
01100 1
01011 1
01010 1
01001 1
01000 1
00111 1
00110 1
00101 1
00100 1
00011 1
00010 1
00001 1
00000 0

# 50 ferredoxin 
.n 50 1 64
1 1
0 0

# 51 EtfAB 
.n 51 1 58
1 1
0 0

# 52 spo0A+p 
.n 52 4 1 24 55 59
1111 0
1110 0
1101 0
1100 0
1011 0
1010 0
1001 0
1000 0
0111 1
0110 0
0101 1
0100 0
0011 0
0010 0
0001 0
0000 0

# 53 acetoacetyl-CoA 
.n 53 4 8 29 39 42
1111 1
1110 1
1101 1
1100 1
1011 1
1010 1
1001 1
1000 1
0111 1
0110 1
0101 1
0100 1
0011 1
0010 1
0001 1
0000 0

# 54 NAD(P)H 
.n 54 0

# 55 sigA 
.n 55 0

# 56 spoIIE 
.n 56 0

# 57 glucose 
.n 57 0

# 58 NADH 
.n 58 0

# 59 phosphorylation 
.n 59 0

# 60 PTS 
.n 60 0

# 61 pfo 
.n 61 0

# 62 pfk 
.n 62 0

# 63 pgi 
.n 63 0

# 64 Rnf 
.n 64 0

# 65 gap-pgk-tpi-pgm-X276_23705-eno 
.n 65 0

# 66 fba 
.n 66 0

.e End of file
