.v 16

.l 1 AKT
.l 2 ERBB1
.l 3 ERBB2
.l 4 ERBB3
.l 5 ERK1_2
.l 6 MEK1_2
.l 7 mTOR
.l 8 p70S6K
.l 9 PDK1
.l 10 PKCa
.l 11 PLCg
.l 12 EGF
.l 13 erlotinib
.l 14 pertuzumab
.l 15 trastuzumab
.l 16 HRG

# 1 AKT 
.n 1 4 1 4 9 7
0000 0
0001 1
0010 1
0011 1
0100 1
0101 1
0110 1
0111 1
1000 1
1001 1
1010 1
1011 1
1100 1
1101 1
1110 1
1111 1

# 2 ERBB1 
.n 2 5 12 2 11 13 14
00000 0
00001 0
00010 0
00011 0
00100 1
00101 0
00110 0
00111 0
01000 1
01001 0
01010 0
01011 0
01100 1
01101 0
01110 0
01111 0
10000 1
10001 0
10010 0
10011 0
10100 1
10101 0
10110 0
10111 0
11000 1
11001 0
11010 0
11011 0
11100 1
11101 0
11110 0
11111 0

# 3 ERBB2 
.n 3 4 3 13 14 15
0000 0
0001 0
0010 0
0011 0
0100 0
0101 0
0110 0
0111 0
1000 1
1001 0
1010 0
1011 0
1100 0
1101 0
1110 0
1111 0

# 4 ERBB3 
.n 4 4 4 16 13 14
0000 0
0001 0
0010 0
0011 0
0100 1
0101 0
0110 0
0111 0
1000 1
1001 0
1010 0
1011 0
1100 1
1101 0
1110 0
1111 0

# 5 ERK1_2 
.n 5 4 4 5 6 9
0000 0
0001 1
0010 1
0011 1
0100 1
0101 1
0110 1
0111 1
1000 1
1001 1
1010 1
1011 1
1100 1
1101 1
1110 1
1111 1

# 6 MEK1_2 
.n 6 4 2 3 4 6
0000 0
0001 1
0010 1
0011 1
0100 1
0101 1
0110 1
0111 1
1000 1
1001 1
1010 1
1011 1
1100 1
1101 1
1110 1
1111 1

# 7 mTOR 
.n 7 2 1 7
00 0
01 1
10 1
11 1

# 8 p70S6K 
.n 8 4 1 5 7 8
0000 0
0001 1
0010 1
0011 1
0100 1
0101 1
0110 1
0111 1
1000 1
1001 1
1010 1
1011 1
1100 1
1101 1
1110 1
1111 1

# 9 PDK1 
.n 9 4 2 3 4 9
0000 0
0001 1
0010 1
0011 1
0100 1
0101 1
0110 1
0111 1
1000 1
1001 1
1010 1
1011 1
1100 1
1101 1
1110 1
1111 1

# 10 PKCa 
.n 10 2 10 11
00 0
01 1
10 1
11 1

# 11 PLCg 
.n 11 4 2 3 4 11
0000 0
0001 1
0010 1
0011 1
0100 1
0101 1
0110 1
0111 1
1000 1
1001 1
1010 1
1011 1
1100 1
1101 1
1110 1
1111 1

# 12 EGF 
.n 12 0

# 13 erlotinib 
.n 13 0

# 14 pertuzumab 
.n 14 0

# 15 trastuzumab 
.n 15 0

# 16 HRG 
.n 16 0

.e End of file
