.v 25

.l 1 RPS6
.l 2 ERBB2
.l 3 cRAF
.l 4 GSKa_b
.l 5 ERBB3
.l 6 Nfkb
.l 7 ERK1_2
.l 8 PRAS
.l 9 AKT
.l 10 CyclinB1
.l 11 CyclinD1
.l 12 RB
.l 13 p70S6K
.l 14 p53
.l 15 ERBB1
.l 16 p38
.l 17 BAX
.l 18 cJUN
.l 19 FoxO1_3a
.l 20 TSC2
.l 21 PTEN
.l 22 trastuzumab
.l 23 pertuzumab
.l 24 stimulus
.l 25 erlotinib

# 1 RPS6 
.n 1 2 1 13
11 1
10 1
01 1
00 0

# 2 ERBB2 
.n 2 6 2 17 22 23 24 25
111111 0
111110 0
111101 0
111100 0
111011 0
111010 0
111001 0
111000 0
110111 0
110110 0
110101 0
110100 0
110011 0
110010 1
110001 0
110000 1
101111 0
101110 0
101101 0
101100 0
101011 0
101010 0
101001 0
101000 0
100111 0
100110 0
100101 0
100100 0
100011 0
100010 1
100001 0
100000 1
011111 0
011110 0
011101 0
011100 0
011011 0
011010 0
011001 0
011000 0
010111 0
010110 0
010101 0
010100 0
010011 0
010010 1
010001 0
010000 1
001111 0
001110 0
001101 0
001100 0
001011 0
001010 0
001001 0
001000 0
000111 0
000110 0
000101 0
000100 0
000011 0
000010 1
000001 0
000000 0

# 3 cRAF 
.n 3 6 1 2 3 7 14 15
111111 0
111110 0
111101 0
111100 0
111011 0
111010 0
111001 1
111000 1
110111 0
110110 0
110101 0
110100 0
110011 0
110010 0
110001 1
110000 1
101111 0
101110 0
101101 0
101100 0
101011 0
101010 0
101001 1
101000 1
100111 0
100110 0
100101 0
100100 0
100011 0
100010 0
100001 1
100000 1
011111 0
011110 0
011101 0
011100 0
011011 0
011010 0
011001 1
011000 1
010111 0
010110 0
010101 0
010100 0
010011 0
010010 0
010001 1
010000 1
001111 0
001110 0
001101 0
001100 0
001011 0
001010 0
001001 1
001000 1
000111 0
000110 0
000101 0
000100 0
000011 0
000010 0
000001 1
000000 0

# 4 GSKa_b 
.n 4 2 4 14
11 1
10 1
01 1
00 0

# 5 ERBB3 
.n 5 5 5 9 23 24 25
11111 0
11110 0
11101 0
11100 0
11011 0
11010 0
11001 0
11000 0
10111 0
10110 0
10101 0
10100 0
10011 0
10010 1
10001 0
10000 1
01111 0
01110 0
01101 0
01100 0
01011 0
01010 0
01001 0
01000 0
00111 0
00110 0
00101 0
00100 0
00011 0
00010 1
00001 0
00000 0

# 6 Nfkb 
.n 6 3 1 5 6
111 1
110 1
101 1
100 1
011 1
010 1
001 1
000 0

# 7 ERK1_2 
.n 7 4 3 7 10 15
1111 1
1110 1
1101 1
1100 1
1011 1
1010 1
1001 1
1000 1
0111 1
0110 1
0101 1
0100 1
0011 1
0010 1
0001 1
0000 0

# 8 PRAS 
.n 8 3 5 8 9
111 0
110 1
101 0
100 1
011 0
010 1
001 0
000 0

# 9 AKT 
.n 9 7 2 5 9 10 15 21 24
1111111 0
1111110 0
1111101 0
1111100 0
1111011 0
1111010 0
1111001 0
1111000 0
1110111 0
1110110 0
1110101 1
1110100 1
1110011 0
1110010 0
1110001 1
1110000 1
1101111 0
1101110 0
1101101 0
1101100 0
1101011 0
1101010 0
1101001 0
1101000 0
1100111 0
1100110 0
1100101 1
1100100 1
1100011 0
1100010 0
1100001 1
1100000 1
1011111 0
1011110 0
1011101 0
1011100 0
1011011 0
1011010 0
1011001 0
1011000 0
1010111 0
1010110 0
1010101 1
1010100 1
1010011 0
1010010 0
1010001 1
1010000 1
1001111 0
1001110 0
1001101 0
1001100 0
1001011 0
1001010 0
1001001 0
1001000 0
1000111 0
1000110 0
1000101 1
1000100 1
1000011 0
1000010 0
1000001 1
1000000 1
0111111 0
0111110 0
0111101 0
0111100 0
0111011 0
0111010 0
0111001 0
0111000 0
0110111 0
0110110 0
0110101 1
0110100 1
0110011 0
0110010 0
0110001 1
0110000 1
0101111 0
0101110 0
0101101 0
0101100 0
0101011 0
0101010 0
0101001 0
0101000 0
0100111 0
0100110 0
0100101 1
0100100 1
0100011 0
0100010 0
0100001 1
0100000 1
0011111 0
0011110 0
0011101 0
0011100 0
0011011 0
0011010 0
0011001 0
0011000 0
0010111 0
0010110 0
0010101 1
0010100 1
0010011 0
0010010 0
0010001 1
0010000 1
0001111 0
0001110 0
0001101 0
0001100 0
0001011 0
0001010 0
0001001 0
0001000 0
0000111 0
0000110 0
0000101 1
0000100 1
0000011 0
0000010 0
0000001 1
0000000 0

# 10 CyclinB1 
.n 10 3 10 13 14
111 0
110 1
101 0
100 1
011 0
010 1
001 0
000 0

# 11 CyclinD1 
.n 11 6 4 7 9 11 18 21
111111 0
111110 0
111101 0
111100 0
111011 0
111010 0
111001 0
111000 0
110111 0
110110 0
110101 0
110100 0
110011 0
110010 0
110001 0
110000 0
101111 0
101110 0
101101 0
101100 0
101011 0
101010 0
101001 0
101000 0
100111 0
100110 0
100101 0
100100 0
100011 0
100010 0
100001 0
100000 0
011111 1
011110 1
011101 1
011100 1
011011 1
011010 1
011001 1
011000 1
010111 1
010110 1
010101 1
010100 1
010011 1
010010 1
010001 1
010000 1
001111 1
001110 1
001101 1
001100 1
001011 1
001010 1
001001 1
001000 1
000111 1
000110 1
000101 1
000100 1
000011 1
000010 1
000001 1
000000 0

# 12 RB 
.n 12 5 2 11 12 14 20
11111 0
11110 0
11101 0
11100 0
11011 0
11010 0
11001 0
11000 0
10111 0
10110 0
10101 0
10100 1
10011 0
10010 0
10001 0
10000 1
01111 0
01110 0
01101 0
01100 0
01011 0
01010 0
01001 0
01000 0
00111 0
00110 0
00101 0
00100 1
00011 0
00010 0
00001 0
00000 0

# 13 p70S6K 
.n 13 5 2 7 8 13 20
11111 0
11110 0
11101 0
11100 0
11011 0
11010 1
11001 0
11000 1
10111 0
10110 0
10101 0
10100 0
10011 0
10010 1
10001 0
10000 1
01111 0
01110 0
01101 0
01100 0
01011 0
01010 1
01001 0
01000 1
00111 0
00110 0
00101 0
00100 0
00011 0
00010 1
00001 0
00000 0

# 14 p53 
.n 14 4 10 12 14 21
1111 1
1110 1
1101 1
1100 1
1011 1
1010 1
1001 1
1000 1
0111 1
0110 1
0101 1
0100 1
0011 1
0010 1
0001 1
0000 0

# 15 ERBB1 
.n 15 4 15 23 24 25
1111 0
1110 0
1101 0
1100 0
1011 0
1010 1
1001 0
1000 1
0111 0
0110 0
0101 0
0100 0
0011 0
0010 1
0001 0
0000 0

# 16 p38 
.n 16 2 9 16
11 1
10 1
01 1
00 0

# 17 BAX 
.n 17 2 15 17
11 1
10 1
01 1
00 0

# 18 cJUN 
.n 18 2 4 18
11 0
10 0
01 1
00 0

# 19 FoxO1_3a 
.n 19 2 9 19
11 0
10 0
01 1
00 0

# 20 TSC2 
.n 20 5 2 4 7 9 20
11111 0
11110 0
11101 0
11100 0
11011 0
11010 0
11001 0
11000 0
10111 0
10110 0
10101 0
10100 0
10011 0
10010 0
10001 1
10000 1
01111 0
01110 0
01101 0
01100 0
01011 0
01010 0
01001 0
01000 0
00111 0
00110 0
00101 0
00100 0
00011 0
00010 0
00001 1
00000 0

# 21 PTEN 
.n 21 3 4 13 21
111 0
110 0
101 0
100 0
011 1
010 1
001 1
000 0

# 22 trastuzumab 
.n 22 0

# 23 pertuzumab 
.n 23 0

# 24 stimulus 
.n 24 0

# 25 erlotinib 
.n 25 0

.e End of file
