.v 16

.l 1 ERBB3
.l 2 ERK1_2
.l 3 PDK1
.l 4 PLCg
.l 5 p70S6K
.l 6 ERBB1
.l 7 MEK1_2
.l 8 PKCa
.l 9 ERBB2
.l 10 mTOR
.l 11 AKT
.l 12 HRG
.l 13 trastuzumab
.l 14 erlotinib
.l 15 pertuzumab
.l 16 EGF

# 1 ERBB3 
.n 1 4 1 12 14 15
1111 0
1110 0
1101 0
1100 1
1011 0
1010 0
1001 0
1000 1
0111 0
0110 0
0101 0
0100 1
0011 0
0010 0
0001 0
0000 0

# 2 ERK1_2 
.n 2 4 1 2 3 7
1111 1
1110 1
1101 1
1100 1
1011 1
1010 1
1001 1
1000 1
0111 1
0110 1
0101 1
0100 1
0011 1
0010 1
0001 1
0000 0

# 3 PDK1 
.n 3 4 1 3 6 9
1111 1
1110 1
1101 1
1100 1
1011 1
1010 1
1001 1
1000 1
0111 1
0110 1
0101 1
0100 1
0011 1
0010 1
0001 1
0000 0

# 4 PLCg 
.n 4 4 1 4 6 9
1111 1
1110 1
1101 1
1100 1
1011 1
1010 1
1001 1
1000 1
0111 1
0110 1
0101 1
0100 1
0011 1
0010 1
0001 1
0000 0

# 5 p70S6K 
.n 5 4 2 5 10 11
1111 1
1110 1
1101 1
1100 1
1011 1
1010 1
1001 1
1000 1
0111 1
0110 1
0101 1
0100 1
0011 1
0010 1
0001 1
0000 0

# 6 ERBB1 
.n 6 5 4 6 14 15 16
11111 0
11110 0
11101 0
11100 0
11011 0
11010 0
11001 1
11000 1
10111 0
10110 0
10101 0
10100 0
10011 0
10010 0
10001 1
10000 1
01111 0
01110 0
01101 0
01100 0
01011 0
01010 0
01001 1
01000 1
00111 0
00110 0
00101 0
00100 0
00011 0
00010 0
00001 1
00000 0

# 7 MEK1_2 
.n 7 4 1 6 7 9
1111 1
1110 1
1101 1
1100 1
1011 1
1010 1
1001 1
1000 1
0111 1
0110 1
0101 1
0100 1
0011 1
0010 1
0001 1
0000 0

# 8 PKCa 
.n 8 2 4 8
11 1
10 1
01 1
00 0

# 9 ERBB2 
.n 9 4 9 13 14 15
1111 0
1110 0
1101 0
1100 0
1011 0
1010 0
1001 0
1000 1
0111 0
0110 0
0101 0
0100 0
0011 0
0010 0
0001 0
0000 0

# 10 mTOR 
.n 10 2 10 11
11 1
10 1
01 1
00 0

# 11 AKT 
.n 11 4 1 3 10 11
1111 1
1110 1
1101 1
1100 1
1011 1
1010 1
1001 1
1000 1
0111 1
0110 1
0101 1
0100 1
0011 1
0010 1
0001 1
0000 0

# 12 HRG 
.n 12 0

# 13 trastuzumab 
.n 13 0

# 14 erlotinib 
.n 14 0

# 15 pertuzumab 
.n 15 0

# 16 EGF 
.n 16 0

.e End of file
