.v 25

.l 1 AKT
.l 2 BAX
.l 3 cJUN
.l 4 cRAF
.l 5 CyclinB1
.l 6 CyclinD1
.l 7 ERBB1
.l 8 ERBB2
.l 9 ERBB3
.l 10 ERK1_2
.l 11 FoxO1_3a
.l 12 GSKa_b
.l 13 Nfkb
.l 14 p38
.l 15 p53
.l 16 p70S6K
.l 17 PRAS
.l 18 PTEN
.l 19 RB
.l 20 RPS6
.l 21 TSC2
.l 22 stimulus
.l 23 erlotinib
.l 24 pertuzumab
.l 25 trastuzumab

# 1 AKT 
.n 1 7 1 5 7 8 9 18 22
0000000 0
0000001 1
0000010 0
0000011 0
0000100 1
0000101 1
0000110 0
0000111 0
0001000 1
0001001 1
0001010 0
0001011 0
0001100 1
0001101 1
0001110 0
0001111 0
0010000 1
0010001 1
0010010 0
0010011 0
0010100 1
0010101 1
0010110 0
0010111 0
0011000 1
0011001 1
0011010 0
0011011 0
0011100 1
0011101 1
0011110 0
0011111 0
0100000 0
0100001 0
0100010 0
0100011 0
0100100 0
0100101 0
0100110 0
0100111 0
0101000 0
0101001 0
0101010 0
0101011 0
0101100 0
0101101 0
0101110 0
0101111 0
0110000 0
0110001 0
0110010 0
0110011 0
0110100 0
0110101 0
0110110 0
0110111 0
0111000 0
0111001 0
0111010 0
0111011 0
0111100 0
0111101 0
0111110 0
0111111 0
1000000 1
1000001 1
1000010 0
1000011 0
1000100 1
1000101 1
1000110 0
1000111 0
1001000 1
1001001 1
1001010 0
1001011 0
1001100 1
1001101 1
1001110 0
1001111 0
1010000 1
1010001 1
1010010 0
1010011 0
1010100 1
1010101 1
1010110 0
1010111 0
1011000 1
1011001 1
1011010 0
1011011 0
1011100 1
1011101 1
1011110 0
1011111 0
1100000 0
1100001 0
1100010 0
1100011 0
1100100 0
1100101 0
1100110 0
1100111 0
1101000 0
1101001 0
1101010 0
1101011 0
1101100 0
1101101 0
1101110 0
1101111 0
1110000 0
1110001 0
1110010 0
1110011 0
1110100 0
1110101 0
1110110 0
1110111 0
1111000 0
1111001 0
1111010 0
1111011 0
1111100 0
1111101 0
1111110 0
1111111 0

# 2 BAX 
.n 2 2 2 7
00 0
01 1
10 1
11 1

# 3 cJUN 
.n 3 2 12 3
00 0
01 1
10 0
11 0

# 4 cRAF 
.n 4 6 7 8 10 20 4 15
000000 0
000001 0
000010 1
000011 0
000100 1
000101 0
000110 1
000111 0
001000 0
001001 0
001010 0
001011 0
001100 0
001101 0
001110 0
001111 0
010000 1
010001 0
010010 1
010011 0
010100 1
010101 0
010110 1
010111 0
011000 0
011001 0
011010 0
011011 0
011100 0
011101 0
011110 0
011111 0
100000 1
100001 0
100010 1
100011 0
100100 1
100101 0
100110 1
100111 0
101000 0
101001 0
101010 0
101011 0
101100 0
101101 0
101110 0
101111 0
110000 1
110001 0
110010 1
110011 0
110100 1
110101 0
110110 1
110111 0
111000 0
111001 0
111010 0
111011 0
111100 0
111101 0
111110 0
111111 0

# 5 CyclinB1 
.n 5 3 5 15 16
000 0
001 1
010 0
011 0
100 1
101 1
110 0
111 0

# 6 CyclinD1 
.n 6 6 1 6 10 12 18 3
000000 0
000001 1
000010 1
000011 1
000100 0
000101 0
000110 0
000111 0
001000 1
001001 1
001010 1
001011 1
001100 0
001101 0
001110 0
001111 0
010000 1
010001 1
010010 1
010011 1
010100 0
010101 0
010110 0
010111 0
011000 1
011001 1
011010 1
011011 1
011100 0
011101 0
011110 0
011111 0
100000 1
100001 1
100010 1
100011 1
100100 0
100101 0
100110 0
100111 0
101000 1
101001 1
101010 1
101011 1
101100 0
101101 0
101110 0
101111 0
110000 1
110001 1
110010 1
110011 1
110100 0
110101 0
110110 0
110111 0
111000 1
111001 1
111010 1
111011 1
111100 0
111101 0
111110 0
111111 0

# 7 ERBB1 
.n 7 4 7 23 24 22
0000 0
0001 1
0010 0
0011 0
0100 0
0101 0
0110 0
0111 0
1000 1
1001 1
1010 0
1011 0
1100 0
1101 0
1110 0
1111 0

# 8 ERBB2 
.n 8 6 2 8 23 24 22 25
000000 0
000001 0
000010 1
000011 0
000100 0
000101 0
000110 0
000111 0
001000 0
001001 0
001010 0
001011 0
001100 0
001101 0
001110 0
001111 0
010000 1
010001 0
010010 1
010011 0
010100 0
010101 0
010110 0
010111 0
011000 0
011001 0
011010 0
011011 0
011100 0
011101 0
011110 0
011111 0
100000 1
100001 0
100010 1
100011 0
100100 0
100101 0
100110 0
100111 0
101000 0
101001 0
101010 0
101011 0
101100 0
101101 0
101110 0
101111 0
110000 1
110001 0
110010 1
110011 0
110100 0
110101 0
110110 0
110111 0
111000 0
111001 0
111010 0
111011 0
111100 0
111101 0
111110 0
111111 0

# 9 ERBB3 
.n 9 5 1 9 23 24 22
00000 0
00001 1
00010 0
00011 0
00100 0
00101 0
00110 0
00111 0
01000 1
01001 1
01010 0
01011 0
01100 0
01101 0
01110 0
01111 0
10000 0
10001 0
10010 0
10011 0
10100 0
10101 0
10110 0
10111 0
11000 0
11001 0
11010 0
11011 0
11100 0
11101 0
11110 0
11111 0

# 10 ERK1_2 
.n 10 4 5 7 10 4
0000 0
0001 1
0010 1
0011 1
0100 1
0101 1
0110 1
0111 1
1000 1
1001 1
1010 1
1011 1
1100 1
1101 1
1110 1
1111 1

# 11 FoxO1_3a 
.n 11 2 1 11
00 0
01 1
10 0
11 0

# 12 GSKa_b 
.n 12 2 12 15
00 0
01 1
10 1
11 1

# 13 Nfkb 
.n 13 3 9 13 20
000 0
001 1
010 1
011 1
100 1
101 1
110 1
111 1

# 14 p38 
.n 14 2 1 14
00 0
01 1
10 1
11 1

# 15 p53 
.n 15 4 5 18 19 15
0000 0
0001 1
0010 1
0011 1
0100 1
0101 1
0110 1
0111 1
1000 1
1001 1
1010 1
1011 1
1100 1
1101 1
1110 1
1111 1

# 16 p70S6K 
.n 16 5 8 10 17 21 16
00000 0
00001 1
00010 0
00011 0
00100 0
00101 0
00110 0
00111 0
01000 1
01001 1
01010 0
01011 0
01100 0
01101 0
01110 0
01111 0
10000 1
10001 1
10010 0
10011 0
10100 0
10101 0
10110 0
10111 0
11000 1
11001 1
11010 0
11011 0
11100 0
11101 0
11110 0
11111 0

# 17 PRAS 
.n 17 3 1 9 17
000 0
001 1
010 1
011 1
100 0
101 0
110 0
111 0

# 18 PTEN 
.n 18 3 12 18 16
000 0
001 1
010 1
011 1
100 0
101 0
110 0
111 0

# 19 RB 
.n 19 5 6 8 19 21 15
00000 0
00001 0
00010 0
00011 0
00100 1
00101 0
00110 0
00111 0
01000 1
01001 0
01010 0
01011 0
01100 1
01101 0
01110 0
01111 0
10000 0
10001 0
10010 0
10011 0
10100 0
10101 0
10110 0
10111 0
11000 0
11001 0
11010 0
11011 0
11100 0
11101 0
11110 0
11111 0

# 20 RPS6 
.n 20 2 20 16
00 0
01 1
10 1
11 1

# 21 TSC2 
.n 21 5 1 8 10 12 21
00000 0
00001 1
00010 0
00011 0
00100 0
00101 0
00110 0
00111 0
01000 1
01001 1
01010 0
01011 0
01100 0
01101 0
01110 0
01111 0
10000 0
10001 0
10010 0
10011 0
10100 0
10101 0
10110 0
10111 0
11000 0
11001 0
11010 0
11011 0
11100 0
11101 0
11110 0
11111 0

# 22 stimulus 
.n 22 0

# 23 erlotinib 
.n 23 0

# 24 pertuzumab 
.n 24 0

# 25 trastuzumab 
.n 25 0

.e End of file
