.v 98

.l 1 abl
.l 2 akap79
.l 3 ap1
.l 4 bad
.l 5 bcat
.l 6 bcl10
.l 7 bclxl
.l 8 ca
.l 9 cabin1
.l 10 calcin
.l 11 calpr1
.l 12 cam
.l 13 camk2
.l 14 camk4
.l 15 card11
.l 16 card11a
.l 17 cblb
.l 18 ccblp1
.l 19 ccblp2
.l 20 ccblr
.l 21 cd45
.l 22 cdc42
.l 23 cre
.l 24 creb
.l 25 csk
.l 26 cyc1
.l 27 dag
.l 28 dgk
.l 29 erk
.l 30 fkhr
.l 31 fos
.l 32 fyn
.l 33 gab2
.l 34 gadd45
.l 35 gads
.l 36 gap
.l 37 grb2
.l 38 gsk3
.l 39 hpk1
.l 40 ikb
.l 41 ikkab
.l 42 ikkg
.l 43 ip3
.l 44 itk
.l 45 jnk
.l 46 jun
.l 47 lat
.l 48 lckp1
.l 49 lckp2
.l 50 lckr
.l 51 malt1
.l 52 mek
.l 53 mekk1
.l 54 mkk4
.l 55 mlk3
.l 56 nfat
.l 57 nfkb
.l 58 p21c
.l 59 p27k
.l 60 p38
.l 61 p70s
.l 62 pag
.l 63 pdk1
.l 64 pi3k
.l 65 pip3
.l 66 pkb
.l 67 pkcth
.l 68 plcga
.l 69 plcgb
.l 70 pten
.l 71 rac1p1
.l 72 rac1p2
.l 73 rac1r
.l 74 raf
.l 75 ras
.l 76 rasgrp
.l 77 rlk
.l 78 rsk
.l 79 sh3bp2
.l 80 ship1
.l 81 shp1
.l 82 shp2
.l 83 slp76
.l 84 sos
.l 85 sre
.l 86 tcrb
.l 87 tcrp
.l 88 vav1
.l 89 vav3
.l 90 xx
.l 91 zap70
.l 92 unknown_input2
.l 93 unknown_input
.l 94 cd28
.l 95 unknown_input3
.l 96 cd4
.l 97 lckr_input
.l 98 tcrlig

# 1 abl 
.n 1 2 32 48
00 0
01 1
10 1
11 1

# 2 akap79 
.n 2 1 92
0 0
1 1

# 3 ap1 
.n 3 2 31 46
00 0
01 0
10 0
11 1

# 4 bad 
.n 4 1 66
0 1
1 0

# 5 bcat 
.n 5 1 38
0 1
1 0

# 6 bcl10 
.n 6 1 92
0 0
1 1

# 7 bclxl 
.n 7 1 4
0 1
1 0

# 8 ca 
.n 8 1 43
0 0
1 1

# 9 cabin1 
.n 9 1 14
0 1
1 0

# 10 calcin 
.n 10 4 2 9 11 12
0000 0
0001 1
0010 0
0011 0
0100 0
0101 0
0110 0
0111 0
1000 0
1001 0
1010 0
1011 0
1100 0
1101 0
1110 0
1111 0

# 11 calpr1 
.n 11 1 92
0 0
1 1

# 12 cam 
.n 12 1 8
0 0
1 1

# 13 camk2 
.n 13 1 12
0 0
1 1

# 14 camk4 
.n 14 1 12
0 0
1 1

# 15 card11 
.n 15 1 93
0 0
1 1

# 16 card11a 
.n 16 3 6 15 51
000 0
001 0
010 0
011 0
100 0
101 0
110 0
111 1

# 17 cblb 
.n 17 1 94
0 1
1 0

# 18 ccblp1 
.n 18 2 20 32
00 0
01 0
10 0
11 1

# 19 ccblp2 
.n 19 2 20 32
00 0
01 0
10 0
11 1

# 20 ccblr 
.n 20 1 93
0 0
1 1

# 21 cd45 
.n 21 1 93
0 0
1 1

# 22 cdc42 
.n 22 1 92
0 0
1 1

# 23 cre 
.n 23 1 24
0 0
1 1

# 24 creb 
.n 24 1 78
0 0
1 1

# 25 csk 
.n 25 1 62
0 0
1 1

# 26 cyc1 
.n 26 1 38
0 1
1 0

# 27 dag 
.n 27 2 28 68
00 0
01 1
10 0
11 0

# 28 dgk 
.n 28 1 86
0 0
1 1

# 29 erk 
.n 29 1 52
0 0
1 1

# 30 fkhr 
.n 30 1 66
0 1
1 0

# 31 fos 
.n 31 1 29
0 0
1 1

# 32 fyn 
.n 32 4 21 48 50 86
0000 0
0001 0
0010 0
0011 1
0100 0
0101 0
0110 0
0111 1
1000 0
1001 0
1010 0
1011 1
1100 1
1101 1
1110 1
1111 1

# 33 gab2 
.n 33 4 35 37 47 91
0000 0
0001 0
0010 0
0011 0
0100 0
0101 0
0110 0
0111 1
1000 0
1001 0
1010 0
1011 1
1100 0
1101 0
1110 0
1111 1

# 34 gadd45 
.n 34 1 93
0 0
1 1

# 35 gads 
.n 35 1 47
0 0
1 1

# 36 gap 
.n 36 1 95
0 0
1 1

# 37 grb2 
.n 37 1 47
0 0
1 1

# 38 gsk3 
.n 38 1 66
0 1
1 0

# 39 hpk1 
.n 39 1 47
0 0
1 1

# 40 ikb 
.n 40 1 41
0 1
1 0

# 41 ikkab 
.n 41 2 13 42
00 0
01 0
10 0
11 1

# 42 ikkg 
.n 42 2 16 67
00 0
01 0
10 0
11 1

# 43 ip3 
.n 43 1 68
0 0
1 1

# 44 itk 
.n 44 3 65 83 91
000 0
001 0
010 0
011 0
100 0
101 0
110 0
111 1

# 45 jnk 
.n 45 2 53 54
00 0
01 1
10 1
11 1

# 46 jun 
.n 46 1 45
0 0
1 1

# 47 lat 
.n 47 1 91
0 0
1 1

# 48 lckp1 
.n 48 5 96 21 25 50 81
00000 0
00001 0
00010 0
00011 0
00100 0
00101 0
00110 0
00111 0
01000 0
01001 0
01010 0
01011 0
01100 0
01101 0
01110 0
01111 0
10000 0
10001 0
10010 0
10011 0
10100 0
10101 0
10110 0
10111 0
11000 0
11001 0
11010 1
11011 1
11100 0
11101 0
11110 1
11111 0

# 49 lckp2 
.n 49 2 50 86
00 0
01 0
10 0
11 1

# 50 lckr 
.n 50 1 97
0 0
1 1

# 51 malt1 
.n 51 1 93
0 0
1 1

# 52 mek 
.n 52 1 74
0 0
1 1

# 53 mekk1 
.n 53 3 22 39 72
000 0
001 1
010 1
011 1
100 1
101 1
110 1
111 1

# 54 mkk4 
.n 54 2 53 55
00 0
01 1
10 1
11 1

# 55 mlk3 
.n 55 2 39 71
00 0
01 1
10 1
11 1

# 56 nfat 
.n 56 1 10
0 0
1 1

# 57 nfkb 
.n 57 1 40
0 1
1 0

# 58 p21c 
.n 58 1 66
0 1
1 0

# 59 p27k 
.n 59 1 66
0 1
1 0

# 60 p38 
.n 60 3 34 53 91
000 0
001 1
010 1
011 1
100 0
101 1
110 1
111 1

# 61 p70s 
.n 61 1 63
0 0
1 1

# 62 pag 
.n 62 2 32 86
00 0
01 0
10 1
11 0

# 63 pdk1 
.n 63 1 65
0 0
1 1

# 64 pi3k 
.n 64 3 17 49 90
000 0
001 1
010 1
011 1
100 0
101 0
110 0
111 0

# 65 pip3 
.n 65 3 64 70 80
000 0
001 0
010 0
011 0
100 1
101 1
110 1
111 0

# 66 pkb 
.n 66 1 63
0 0
1 1

# 67 pkcth 
.n 67 3 27 63 88
000 0
001 0
010 0
011 0
100 0
101 0
110 0
111 1

# 68 plcga 
.n 68 7 19 44 69 77 83 88 91
0000000 0
0000001 0
0000010 0
0000011 0
0000100 0
0000101 0
0000110 0
0000111 0
0001000 0
0001001 0
0001010 0
0001011 0
0001100 0
0001101 0
0001110 0
0001111 0
0010000 0
0010001 0
0010010 0
0010011 0
0010100 0
0010101 0
0010110 0
0010111 0
0011000 0
0011001 0
0011010 0
0011011 0
0011100 0
0011101 0
0011110 0
0011111 1
0100000 0
0100001 0
0100010 0
0100011 0
0100100 0
0100101 0
0100110 0
0100111 0
0101000 0
0101001 0
0101010 0
0101011 0
0101100 0
0101101 0
0101110 0
0101111 0
0110000 0
0110001 0
0110010 0
0110011 0
0110100 0
0110101 0
0110110 0
0110111 1
0111000 0
0111001 0
0111010 0
0111011 0
0111100 0
0111101 0
0111110 0
0111111 1
1000000 0
1000001 0
1000010 0
1000011 0
1000100 0
1000101 0
1000110 0
1000111 0
1001000 0
1001001 0
1001010 0
1001011 0
1001100 0
1001101 0
1001110 0
1001111 0
1010000 0
1010001 0
1010010 0
1010011 0
1010100 0
1010101 0
1010110 0
1010111 0
1011000 0
1011001 0
1011010 0
1011011 0
1011100 0
1011101 0
1011110 0
1011111 0
1100000 0
1100001 0
1100010 0
1100011 0
1100100 0
1100101 0
1100110 0
1100111 0
1101000 0
1101001 0
1101010 0
1101011 0
1101100 0
1101101 0
1101110 0
1101111 0
1110000 0
1110001 0
1110010 0
1110011 0
1110100 0
1110101 0
1110110 0
1110111 0
1111000 0
1111001 0
1111010 0
1111011 0
1111100 0
1111101 0
1111110 0
1111111 0

# 69 plcgb 
.n 69 1 47
0 0
1 1

# 70 pten 
.n 70 1 92
0 0
1 1

# 71 rac1p1 
.n 71 2 73 88
00 0
01 0
10 0
11 1

# 72 rac1p2 
.n 72 2 73 89
00 0
01 0
10 0
11 1

# 73 rac1r 
.n 73 1 93
0 0
1 1

# 74 raf 
.n 74 1 75
0 0
1 1

# 75 ras 
.n 75 3 36 76 84
000 0
001 0
010 0
011 1
100 0
101 0
110 0
111 0

# 76 rasgrp 
.n 76 1 27
0 0
1 1

# 77 rlk 
.n 77 1 48
0 0
1 1

# 78 rsk 
.n 78 1 29
0 0
1 1

# 79 sh3bp2 
.n 79 2 47 91
00 0
01 0
10 0
11 1

# 80 ship1 
.n 80 1 92
0 0
1 1

# 81 shp1 
.n 81 2 29 48
00 0
01 1
10 0
11 0

# 82 shp2 
.n 82 1 33
0 0
1 1

# 83 slp76 
.n 83 3 33 35 91
000 0
001 0
010 0
011 1
100 0
101 0
110 0
111 0

# 84 sos 
.n 84 1 37
0 0
1 1

# 85 sre 
.n 85 2 22 72
00 0
01 1
10 1
11 1

# 86 tcrb 
.n 86 2 18 98
00 0
01 1
10 0
11 0

# 87 tcrp 
.n 87 3 32 48 86
000 0
001 0
010 0
011 1
100 0
101 1
110 0
111 1

# 88 vav1 
.n 88 3 79 90 91
000 0
001 0
010 1
011 1
100 0
101 1
110 1
111 1

# 89 vav3 
.n 89 1 79
0 0
1 1

# 90 xx 
.n 90 1 94
0 0
1 1

# 91 zap70 
.n 91 3 1 18 87
000 0
001 0
010 0
011 0
100 0
101 1
110 0
111 0

# 92 unknown_input2 
.n 92 0

# 93 unknown_input 
.n 93 0

# 94 cd28 
.n 94 0

# 95 unknown_input3 
.n 95 0

# 96 cd4 
.n 96 0

# 97 lckr_input 
.n 97 0

# 98 tcrlig 
.n 98 0

.e End of file
