.v 101

.l 1 creb
.l 2 ikkg
.l 3 card11a
.l 4 vav1
.l 5 plcga
.l 6 lat
.l 7 card11
.l 8 tcrlig
.l 9 lckp1
.l 10 fyn
.l 11 fos
.l 12 sre
.l 13 hpk1
.l 14 bcl10
.l 15 mek
.l 16 rlk
.l 17 cam
.l 18 sh3bp2
.l 19 gadd45
.l 20 jnk
.l 21 bcat
.l 22 ip3
.l 23 ccblp1
.l 24 camk4
.l 25 shp1
.l 26 sos
.l 27 ccblr
.l 28 rasgrp
.l 29 pip3
.l 30 itk
.l 31 vav3
.l 32 bad
.l 33 ccblp2
.l 34 bclxl
.l 35 akap79
.l 36 tcrb
.l 37 malt1
.l 38 zap70
.l 39 nfat
.l 40 pkb
.l 41 gads
.l 42 nfkb
.l 43 lckp2
.l 44 rac1r
.l 45 gsk3
.l 46 mekk1
.l 47 cyc1
.l 48 gap
.l 49 csk
.l 50 cre
.l 51 camk2
.l 52 calpr1
.l 53 p38
.l 54 rac1p1
.l 55 pag
.l 56 ikb
.l 57 Dummy
.l 58 erk
.l 59 ship1
.l 60 pi3k
.l 61 p70s
.l 62 rsk
.l 63 dag
.l 64 dgk
.l 65 grb2
.l 66 abl
.l 67 calcin
.l 68 raf
.l 69 p27k
.l 70 cabin1
.l 71 cblb
.l 72 tcrp
.l 73 lckr
.l 74 xx
.l 75 mlk3
.l 76 slp76
.l 77 pkcth
.l 78 rac1p2
.l 79 plcgb
.l 80 cdc42
.l 81 ikkab
.l 82 ca
.l 83 cd28
.l 84 ap1
.l 85 jun
.l 86 cd45
.l 87 p21c
.l 88 pdk1
.l 89 gab2
.l 90 ras
.l 91 fkhr
.l 92 pten
.l 93 mkk4
.l 94 shp2
.l 95 cd4
.l 96 lckr_input
.l 97 cd28_input
.l 98 unknown_input
.l 99 tcrlig_input
.l 100 unknown_input3
.l 101 unknown_input2

# 1 creb 
.n 1 1 62
1 1
0 0

# 2 ikkg 
.n 2 2 3 77
11 1
10 0
01 0
00 0

# 3 card11a 
.n 3 3 7 14 37
111 1
110 0
101 0
100 0
011 0
010 0
001 0
000 0

# 4 vav1 
.n 4 3 18 38 74
111 1
110 1
101 1
100 0
011 1
010 0
001 1
000 0

# 5 plcga 
.n 5 6 4 30 33 38 76 79
111111 0
111110 0
111101 0
111100 0
111011 0
111010 0
111001 0
111000 0
110111 1
110110 0
110101 0
110100 0
110011 0
110010 0
110001 0
110000 0
101111 0
101110 0
101101 0
101100 0
101011 0
101010 0
101001 0
101000 0
100111 0
100110 0
100101 0
100100 0
100011 0
100010 0
100001 0
100000 0
011111 0
011110 0
011101 0
011100 0
011011 0
011010 0
011001 0
011000 0
010111 0
010110 0
010101 0
010100 0
010011 0
010010 0
010001 0
010000 0
001111 0
001110 0
001101 0
001100 0
001011 0
001010 0
001001 0
001000 0
000111 0
000110 0
000101 0
000100 0
000011 0
000010 0
000001 0
000000 0

# 6 lat 
.n 6 1 38
1 1
0 0

# 7 card11 
.n 7 1 98
1 1
0 0

# 8 tcrlig 
.n 8 1 99
1 1
0 0

# 9 lckp1 
.n 9 5 25 49 73 86 95
11111 0
11110 0
11101 0
11100 0
11011 0
11010 0
11001 0
11000 0
10111 0
10110 0
10101 0
10100 0
10011 0
10010 0
10001 0
10000 0
01111 0
01110 0
01101 0
01100 0
01011 0
01010 0
01001 0
01000 0
00111 1
00110 0
00101 0
00100 0
00011 0
00010 0
00001 0
00000 0

# 10 fyn 
.n 10 4 9 36 73 86
1111 1
1110 1
1101 1
1100 0
1011 1
1010 0
1001 1
1000 0
0111 1
0110 1
0101 0
0100 0
0011 0
0010 0
0001 0
0000 0

# 11 fos 
.n 11 1 58
1 1
0 0

# 12 sre 
.n 12 2 78 80
11 1
10 1
01 1
00 0

# 13 hpk1 
.n 13 1 6
1 1
0 0

# 14 bcl10 
.n 14 1 101
1 1
0 0

# 15 mek 
.n 15 1 68
1 1
0 0

# 16 rlk 
.n 16 1 9
1 1
0 0

# 17 cam 
.n 17 1 82
1 1
0 0

# 18 sh3bp2 
.n 18 2 6 38
11 1
10 0
01 0
00 0

# 19 gadd45 
.n 19 1 98
1 1
0 0

# 20 jnk 
.n 20 2 46 93
11 1
10 1
01 1
00 0

# 21 bcat 
.n 21 1 45
1 0
0 1

# 22 ip3 
.n 22 1 5
1 1
0 0

# 23 ccblp1 
.n 23 2 27 38
11 1
10 0
01 0
00 0

# 24 camk4 
.n 24 1 17
1 1
0 0

# 25 shp1 
.n 25 2 9 58
11 0
10 1
01 0
00 0

# 26 sos 
.n 26 1 65
1 1
0 0

# 27 ccblr 
.n 27 1 98
1 1
0 0

# 28 rasgrp 
.n 28 1 63
1 1
0 0

# 29 pip3 
.n 29 3 59 60 92
111 0
110 0
101 0
100 0
011 0
010 1
001 0
000 0

# 30 itk 
.n 30 3 29 38 76
111 1
110 0
101 0
100 0
011 0
010 0
001 0
000 0

# 31 vav3 
.n 31 1 18
1 1
0 0

# 32 bad 
.n 32 1 40
1 0
0 1

# 33 ccblp2 
.n 33 2 10 27
11 1
10 0
01 0
00 0

# 34 bclxl 
.n 34 1 32
1 0
0 1

# 35 akap79 
.n 35 1 101
1 1
0 0

# 36 tcrb 
.n 36 2 8 23
11 0
10 1
01 0
00 0

# 37 malt1 
.n 37 1 98
1 1
0 0

# 38 zap70 
.n 38 3 23 66 72
111 0
110 0
101 0
100 0
011 1
010 0
001 0
000 0

# 39 nfat 
.n 39 1 67
1 1
0 0

# 40 pkb 
.n 40 1 88
1 1
0 0

# 41 gads 
.n 41 1 6
1 1
0 0

# 42 nfkb 
.n 42 1 56
1 0
0 1

# 43 lckp2 
.n 43 2 36 73
11 1
10 0
01 0
00 0

# 44 rac1r 
.n 44 1 98
1 1
0 0

# 45 gsk3 
.n 45 1 40
1 0
0 1

# 46 mekk1 
.n 46 3 13 78 80
111 1
110 1
101 1
100 1
011 1
010 1
001 1
000 0

# 47 cyc1 
.n 47 1 45
1 0
0 1

# 48 gap 
.n 48 1 100
1 1
0 0

# 49 csk 
.n 49 1 55
1 1
0 0

# 50 cre 
.n 50 1 1
1 1
0 0

# 51 camk2 
.n 51 1 17
1 1
0 0

# 52 calpr1 
.n 52 1 101
1 1
0 0

# 53 p38 
.n 53 2 19 38
11 0
10 0
01 1
00 0

# 54 rac1p1 
.n 54 2 4 44
11 1
10 0
01 0
00 0

# 55 pag 
.n 55 2 10 36
11 0
10 1
01 0
00 0

# 56 ikb 
.n 56 1 81
1 0
0 1

# 57 Dummy 
.n 57 6 4 30 33 38 76 79
111111 0
111110 0
111101 0
111100 0
111011 0
111010 0
111001 0
111000 0
110111 1
110110 0
110101 0
110100 0
110011 0
110010 0
110001 0
110000 0
101111 0
101110 0
101101 0
101100 0
101011 0
101010 0
101001 0
101000 0
100111 0
100110 0
100101 0
100100 0
100011 0
100010 0
100001 0
100000 0
011111 0
011110 0
011101 0
011100 0
011011 0
011010 0
011001 0
011000 0
010111 0
010110 0
010101 0
010100 0
010011 0
010010 0
010001 0
010000 0
001111 0
001110 0
001101 0
001100 0
001011 0
001010 0
001001 0
001000 0
000111 0
000110 0
000101 0
000100 0
000011 0
000010 0
000001 0
000000 0

# 58 erk 
.n 58 1 15
1 1
0 0

# 59 ship1 
.n 59 1 101
1 1
0 0

# 60 pi3k 
.n 60 3 43 71 74
111 0
110 0
101 1
100 1
011 0
010 0
001 1
000 0

# 61 p70s 
.n 61 1 88
1 1
0 0

# 62 rsk 
.n 62 1 58
1 1
0 0

# 63 dag 
.n 63 2 5 64
11 0
10 1
01 0
00 0

# 64 dgk 
.n 64 1 36
1 1
0 0

# 65 grb2 
.n 65 1 6
1 1
0 0

# 66 abl 
.n 66 2 9 10
11 1
10 1
01 1
00 0

# 67 calcin 
.n 67 4 17 35 52 70
1111 0
1110 0
1101 0
1100 0
1011 0
1010 0
1001 0
1000 1
0111 0
0110 0
0101 0
0100 0
0011 0
0010 0
0001 0
0000 0

# 68 raf 
.n 68 1 90
1 1
0 0

# 69 p27k 
.n 69 1 40
1 0
0 1

# 70 cabin1 
.n 70 1 24
1 0
0 1

# 71 cblb 
.n 71 1 83
1 0
0 1

# 72 tcrp 
.n 72 3 9 10 36
111 1
110 0
101 1
100 0
011 1
010 0
001 0
000 0

# 73 lckr 
.n 73 1 96
1 1
0 0

# 74 xx 
.n 74 1 83
1 1
0 0

# 75 mlk3 
.n 75 2 13 54
11 1
10 1
01 1
00 0

# 76 slp76 
.n 76 3 38 41 89
111 0
110 1
101 0
100 0
011 0
010 0
001 0
000 0

# 77 pkcth 
.n 77 3 4 63 88
111 1
110 0
101 0
100 0
011 0
010 0
001 0
000 0

# 78 rac1p2 
.n 78 2 31 44
11 1
10 0
01 0
00 0

# 79 plcgb 
.n 79 1 6
1 1
0 0

# 80 cdc42 
.n 80 1 101
1 1
0 0

# 81 ikkab 
.n 81 2 2 51
11 1
10 0
01 0
00 0

# 82 ca 
.n 82 1 22
1 1
0 0

# 83 cd28 
.n 83 1 97
1 1
0 0

# 84 ap1 
.n 84 2 11 85
11 1
10 0
01 0
00 0

# 85 jun 
.n 85 1 20
1 1
0 0

# 86 cd45 
.n 86 1 98
1 1
0 0

# 87 p21c 
.n 87 1 40
1 0
0 1

# 88 pdk1 
.n 88 1 29
1 1
0 0

# 89 gab2 
.n 89 4 6 38 41 65
1111 1
1110 1
1101 1
1100 0
1011 0
1010 0
1001 0
1000 0
0111 0
0110 0
0101 0
0100 0
0011 0
0010 0
0001 0
0000 0

# 90 ras 
.n 90 3 26 28 48
111 0
110 1
101 0
100 0
011 0
010 0
001 0
000 0

# 91 fkhr 
.n 91 1 40
1 0
0 1

# 92 pten 
.n 92 1 101
1 1
0 0

# 93 mkk4 
.n 93 2 46 75
11 1
10 1
01 1
00 0

# 94 shp2 
.n 94 1 89
1 1
0 0

# 95 cd4 
.n 95 0

# 96 lckr_input 
.n 96 0

# 97 cd28_input 
.n 97 0

# 98 unknown_input 
.n 98 0

# 99 tcrlig_input 
.n 99 0

# 100 unknown_input3 
.n 100 0

# 101 unknown_input2 
.n 101 0

.e End of file
