.v 23

.l 1 NFAT
.l 2 IRAK
.l 3 STAT1
.l 4 IL10R
.l 5 IL12R
.l 6 IL18R
.l 7 IFNgR
.l 8 IFNg
.l 9 STAT4
.l 10 IL10
.l 11 STAT3
.l 12 IFNbR
.l 13 IL4
.l 14 IL4R
.l 15 GATA3
.l 16 STAT6
.l 17 SOCS1
.l 18 JAK1
.l 19 Tbet
.l 20 IFNb
.l 21 TCR
.l 22 IL18
.l 23 IL12

# 1 NFAT 
.n 1 1 21
1 1
0 0

# 2 IRAK 
.n 2 1 6
1 1
0 0

# 3 STAT1 
.n 3 2 12 18
11 1
10 1
01 1
00 0

# 4 IL10R 
.n 4 1 10
1 1
0 0

# 5 IL12R 
.n 5 1 23
1 1
0 0

# 6 IL18R 
.n 6 2 16 22
11 0
10 0
01 1
00 0

# 7 IFNgR 
.n 7 1 8
1 1
0 0

# 8 IFNg 
.n 8 5 1 2 9 11 19
11111 0
11110 0
11101 1
11100 1
11011 0
11010 0
11001 1
11000 1
10111 0
10110 0
10101 1
10100 1
10011 0
10010 0
10001 1
10000 1
01111 0
01110 0
01101 1
01100 1
01011 0
01010 0
01001 1
01000 1
00111 0
00110 0
00101 1
00100 1
00011 0
00010 0
00001 1
00000 0

# 9 STAT4 
.n 9 2 5 15
11 0
10 1
01 0
00 0

# 10 IL10 
.n 10 1 15
1 1
0 0

# 11 STAT3 
.n 11 1 4
1 1
0 0

# 12 IFNbR 
.n 12 1 20
1 1
0 0

# 13 IL4 
.n 13 2 3 15
11 0
10 0
01 1
00 0

# 14 IL4R 
.n 14 2 13 17
11 0
10 1
01 0
00 0

# 15 GATA3 
.n 15 3 15 16 19
111 0
110 1
101 0
100 1
011 0
010 1
001 0
000 0

# 16 STAT6 
.n 16 1 14
1 1
0 0

# 17 SOCS1 
.n 17 2 3 19
11 1
10 1
01 1
00 0

# 18 JAK1 
.n 18 2 7 17
11 0
10 1
01 0
00 0

# 19 Tbet 
.n 19 3 3 15 19
111 0
110 0
101 1
100 1
011 0
010 0
001 1
000 0

# 20 IFNb 
.n 20 0

# 21 TCR 
.n 21 0

# 22 IL18 
.n 22 0

# 23 IL12 
.n 23 0

.e End of file
