.v 23

.l 1 GATA3
.l 2 IFNbR
.l 3 IFNg
.l 4 IFNgR
.l 5 IL10
.l 6 IL10R
.l 7 IL12R
.l 8 IL18R
.l 9 IL4
.l 10 IL4R
.l 11 IRAK
.l 12 JAK1
.l 13 NFAT
.l 14 SOCS1
.l 15 STAT1
.l 16 STAT3
.l 17 STAT4
.l 18 STAT6
.l 19 Tbet
.l 20 IFNb
.l 21 IL12
.l 22 IL18
.l 23 TCR

# 1 GATA3 
.n 1 3 1 18 19
000 0
001 0
010 1
011 0
100 1
101 0
110 1
111 0

# 2 IFNbR 
.n 2 1 20
0 0
1 1

# 3 IFNg 
.n 3 5 11 13 16 17 19
00000 0
00001 1
00010 1
00011 1
00100 0
00101 0
00110 0
00111 0
01000 1
01001 1
01010 1
01011 1
01100 0
01101 0
01110 0
01111 0
10000 1
10001 1
10010 1
10011 1
10100 0
10101 0
10110 0
10111 0
11000 1
11001 1
11010 1
11011 1
11100 0
11101 0
11110 0
11111 0

# 4 IFNgR 
.n 4 1 3
0 0
1 1

# 5 IL10 
.n 5 1 1
0 0
1 1

# 6 IL10R 
.n 6 1 5
0 0
1 1

# 7 IL12R 
.n 7 1 21
0 0
1 1

# 8 IL18R 
.n 8 2 22 18
00 0
01 0
10 1
11 0

# 9 IL4 
.n 9 2 1 15
00 0
01 0
10 1
11 0

# 10 IL4R 
.n 10 2 9 14
00 0
01 0
10 1
11 0

# 11 IRAK 
.n 11 1 8
0 0
1 1

# 12 JAK1 
.n 12 2 4 14
00 0
01 0
10 1
11 0

# 13 NFAT 
.n 13 1 23
0 0
1 1

# 14 SOCS1 
.n 14 2 15 19
00 0
01 1
10 1
11 1

# 15 STAT1 
.n 15 2 2 12
00 0
01 1
10 1
11 1

# 16 STAT3 
.n 16 1 6
0 0
1 1

# 17 STAT4 
.n 17 2 1 7
00 0
01 1
10 0
11 0

# 18 STAT6 
.n 18 1 10
0 0
1 1

# 19 Tbet 
.n 19 3 1 15 19
000 0
001 1
010 1
011 1
100 0
101 0
110 0
111 0

# 20 IFNb 
.n 20 0

# 21 IL12 
.n 21 0

# 22 IL18 
.n 22 0

# 23 TCR 
.n 23 0

.e End of file
