.v 40

.l 1 AP1
.l 2 Ca
.l 3 Calcin
.l 4 cCbl
.l 5 CRE
.l 6 CREB
.l 7 DAG
.l 8 ERK
.l 9 Fos
.l 10 Fyn
.l 11 Gads
.l 12 Grb2Sos
.l 13 IkB
.l 14 IKKbeta
.l 15 IP3
.l 16 Itk
.l 17 JNK
.l 18 Jun
.l 19 LAT
.l 20 Lck
.l 21 MEK
.l 22 NFAT
.l 23 Nfkb
.l 24 PAGCsk
.l 25 PKCth
.l 26 PLCg_act
.l 27 PLCg_bind
.l 28 Raf
.l 29 Ras
.l 30 RasGRP1
.l 31 Rlk
.l 32 Rsk
.l 33 SEK
.l 34 SLP76
.l 35 TCRbind
.l 36 TCRphos
.l 37 ZAP70
.l 38 CD45
.l 39 CD8
.l 40 TCRlig

# 1 AP1 
.n 1 2 9 18
00 0
01 0
10 0
11 1

# 2 Ca 
.n 2 1 15
0 0
1 1

# 3 Calcin 
.n 3 1 2
0 0
1 1

# 4 cCbl 
.n 4 1 37
0 0
1 1

# 5 CRE 
.n 5 1 6
0 0
1 1

# 6 CREB 
.n 6 1 32
0 0
1 1

# 7 DAG 
.n 7 1 26
0 0
1 1

# 8 ERK 
.n 8 1 21
0 0
1 1

# 9 Fos 
.n 9 1 8
0 0
1 1

# 10 Fyn 
.n 10 3 38 20 35
000 0
001 0
010 0
011 0
100 0
101 1
110 1
111 1

# 11 Gads 
.n 11 1 19
0 0
1 1

# 12 Grb2Sos 
.n 12 1 19
0 0
1 1

# 13 IkB 
.n 13 1 14
0 1
1 0

# 14 IKKbeta 
.n 14 1 25
0 0
1 1

# 15 IP3 
.n 15 1 26
0 0
1 1

# 16 Itk 
.n 16 2 34 37
00 0
01 0
10 0
11 1

# 17 JNK 
.n 17 1 33
0 0
1 1

# 18 Jun 
.n 18 1 17
0 0
1 1

# 19 LAT 
.n 19 1 37
0 0
1 1

# 20 Lck 
.n 20 3 38 39 24
000 0
001 0
010 0
011 0
100 0
101 0
110 1
111 0

# 21 MEK 
.n 21 1 28
0 0
1 1

# 22 NFAT 
.n 22 1 3
0 0
1 1

# 23 Nfkb 
.n 23 1 13
0 1
1 0

# 24 PAGCsk 
.n 24 2 10 35
00 0
01 0
10 1
11 1

# 25 PKCth 
.n 25 1 7
0 0
1 1

# 26 PLCg_act 
.n 26 5 16 27 31 34 37
00000 0
00001 0
00010 0
00011 0
00100 0
00101 0
00110 0
00111 0
01000 0
01001 0
01010 0
01011 0
01100 0
01101 0
01110 0
01111 1
10000 0
10001 0
10010 0
10011 0
10100 0
10101 0
10110 0
10111 0
11000 0
11001 0
11010 0
11011 1
11100 0
11101 0
11110 0
11111 1

# 27 PLCg_bind 
.n 27 1 19
0 0
1 1

# 28 Raf 
.n 28 1 29
0 0
1 1

# 29 Ras 
.n 29 2 12 30
00 0
01 1
10 1
11 1

# 30 RasGRP1 
.n 30 2 7 25
00 0
01 0
10 0
11 1

# 31 Rlk 
.n 31 1 20
0 0
1 1

# 32 Rsk 
.n 32 1 8
0 0
1 1

# 33 SEK 
.n 33 1 25
0 0
1 1

# 34 SLP76 
.n 34 1 11
0 0
1 1

# 35 TCRbind 
.n 35 2 40 4
00 0
01 0
10 1
11 0

# 36 TCRphos 
.n 36 1 10
0 0
1 1

# 37 ZAP70 
.n 37 3 20 36 4
000 0
001 0
010 0
011 0
100 0
101 0
110 1
111 0

# 38 CD45 
.n 38 0

# 39 CD8 
.n 39 0

# 40 TCRlig 
.n 40 0

.e End of file
