.v 61

.l 1 FYN
.l 2 CREB
.l 3 FasL
.l 4 MEK
.l 5 CTLA4
.l 6 S1P
.l 7 IAP
.l 8 GPCR
.l 9 Proliferation
.l 10 NFKB
.l 11 Fas
.l 12 TCR
.l 13 GRB2
.l 14 GZMB
.l 15 GAP
.l 16 TBET
.l 17 TPL2
.l 18 MCL1
.l 19 IL2RAT
.l 20 PLCG1
.l 21 FasT
.l 22 RANTES
.l 23 STAT3
.l 24 IL2RA
.l 25 A20
.l 26 FLIP
.l 27 P27
.l 28 Ceramide
.l 29 Cytoskeleton_signaling
.l 30 DISC
.l 31 Caspase
.l 32 RAS
.l 33 JAK
.l 34 ERK
.l 35 IL2
.l 36 sFas
.l 37 BID
.l 38 LCK
.l 39 P2
.l 40 PDGFR
.l 41 ZAP70
.l 42 IFNG
.l 43 TRADD
.l 44 PI3K
.l 45 IL2RB
.l 46 IFNGT
.l 47 SMAD
.l 48 Apoptosis
.l 49 NFAT
.l 50 TNF
.l 51 SPHK1
.l 52 IL2RBT
.l 53 SOCS
.l 54 BclxL
.l 55 IFN
.l 56 Stimuli2
.l 57 IL15
.l 58 CD45
.l 59 TAX
.l 60 PDGF
.l 61 Stimuli

# 1 FYN 
.n 1 3 12 45 48
111 0
110 1
101 0
100 1
011 0
010 1
001 0
000 0

# 2 CREB 
.n 2 3 34 48 55
111 0
110 0
101 1
100 0
011 0
010 0
001 0
000 0

# 3 FasL 
.n 3 5 10 23 34 48 49
11111 0
11110 0
11101 1
11100 1
11011 0
11010 0
11001 1
11000 1
10111 0
10110 0
10101 1
10100 1
10011 0
10010 0
10001 1
10000 1
01111 0
01110 0
01101 1
01100 1
01011 0
01010 0
01001 1
01000 1
00111 0
00110 0
00101 1
00100 1
00011 0
00010 0
00001 1
00000 0

# 4 MEK 
.n 4 2 32 48
11 0
10 1
01 0
00 0

# 5 CTLA4 
.n 5 2 12 48
11 0
10 1
01 0
00 0

# 6 S1P 
.n 6 3 28 48 51
111 0
110 0
101 0
100 0
011 0
010 0
001 1
000 0

# 7 IAP 
.n 7 3 10 37 48
111 0
110 0
101 0
100 1
011 0
010 0
001 0
000 0

# 8 GPCR 
.n 8 2 6 48
11 0
10 1
01 0
00 0

# 9 Proliferation 
.n 9 3 23 27 48
111 0
110 0
101 0
100 1
011 0
010 0
001 0
000 0

# 10 NFKB 
.n 10 6 7 17 26 43 44 48
111111 0
111110 1
111101 0
111100 1
111011 0
111010 1
111001 0
111000 1
110111 0
110110 1
110101 0
110100 1
110011 0
110010 1
110001 0
110000 1
101111 0
101110 1
101101 0
101100 1
101011 0
101010 1
101001 0
101000 0
100111 0
100110 1
100101 0
100100 0
100011 0
100010 1
100001 0
100000 0
011111 0
011110 1
011101 0
011100 1
011011 0
011010 1
011001 0
011000 1
010111 0
010110 1
010101 0
010100 1
010011 0
010010 1
010001 0
010000 1
001111 0
001110 1
001101 0
001100 0
001011 0
001010 1
001001 0
001000 0
000111 0
000110 1
000101 0
000100 0
000011 0
000010 1
000001 0
000000 0

# 11 Fas 
.n 11 4 3 21 36 48
1111 0
1110 0
1101 0
1100 1
1011 0
1010 0
1001 0
1000 0
0111 0
0110 0
0101 0
0100 0
0011 0
0010 0
0001 0
0000 0

# 12 TCR 
.n 12 3 5 48 61
111 0
110 0
101 0
100 0
011 0
010 0
001 1
000 0

# 13 GRB2 
.n 13 3 41 45 48
111 0
110 1
101 0
100 1
011 0
010 1
001 0
000 0

# 14 GZMB 
.n 14 4 2 16 42 48
1111 0
1110 1
1101 0
1100 1
1011 0
1010 1
1001 0
1000 0
0111 0
0110 1
0101 0
0100 1
0011 0
0010 0
0001 0
0000 0

# 15 GAP 
.n 15 6 15 32 35 40 48 57
111111 0
111110 0
111101 0
111100 0
111011 0
111010 0
111001 0
111000 0
110111 0
110110 0
110101 0
110100 1
110011 0
110010 0
110001 0
110000 1
101111 0
101110 0
101101 0
101100 0
101011 0
101010 0
101001 0
101000 0
100111 0
100110 0
100101 0
100100 1
100011 0
100010 0
100001 0
100000 0
011111 0
011110 0
011101 0
011100 0
011011 0
011010 0
011001 0
011000 0
010111 0
010110 0
010101 0
010100 1
010011 0
010010 0
010001 0
010000 1
001111 0
001110 0
001101 0
001100 0
001011 0
001010 0
001001 0
001000 0
000111 0
000110 0
000101 0
000100 0
000011 0
000010 0
000001 0
000000 0

# 16 TBET 
.n 16 3 16 33 48
111 0
110 1
101 0
100 1
011 0
010 1
001 0
000 0

# 17 TPL2 
.n 17 4 44 48 50 59
1111 0
1110 0
1101 0
1100 0
1011 1
1010 1
1001 1
1000 0
0111 0
0110 0
0101 0
0100 0
0011 1
0010 0
0001 1
0000 0

# 18 MCL1 
.n 18 5 10 23 44 45 48
11111 0
11110 1
11101 0
11100 0
11011 0
11010 0
11001 0
11000 0
10111 0
10110 0
10101 0
10100 0
10011 0
10010 0
10001 0
10000 0
01111 0
01110 0
01101 0
01100 0
01011 0
01010 0
01001 0
01000 0
00111 0
00110 0
00101 0
00100 0
00011 0
00010 0
00001 0
00000 0

# 19 IL2RAT 
.n 19 4 10 23 35 48
1111 0
1110 1
1101 0
1100 0
1011 0
1010 1
1001 0
1000 0
0111 0
0110 1
0101 0
0100 0
0011 0
0010 0
0001 0
0000 0

# 20 PLCG1 
.n 20 3 13 40 48
111 0
110 1
101 0
100 1
011 0
010 1
001 0
000 0

# 21 FasT 
.n 21 2 10 48
11 0
10 1
01 0
00 0

# 22 RANTES 
.n 22 2 10 48
11 0
10 1
01 0
00 0

# 23 STAT3 
.n 23 2 33 48
11 0
10 1
01 0
00 0

# 24 IL2RA 
.n 24 4 19 24 35 48
1111 0
1110 0
1101 0
1100 0
1011 0
1010 1
1001 0
1000 0
0111 0
0110 0
0101 0
0100 0
0011 0
0010 0
0001 0
0000 0

# 25 A20 
.n 25 2 10 48
11 0
10 1
01 0
00 0

# 26 FLIP 
.n 26 5 2 10 30 42 48
11111 0
11110 0
11101 0
11100 0
11011 0
11010 1
11001 0
11000 1
10111 0
10110 0
10101 0
10100 0
10011 0
10010 1
10001 0
10000 0
01111 0
01110 0
01101 0
01100 0
01011 0
01010 1
01001 0
01000 1
00111 0
00110 0
00101 0
00100 0
00011 0
00010 0
00001 0
00000 0

# 27 P27 
.n 27 2 23 48
11 0
10 1
01 0
00 0

# 28 Ceramide 
.n 28 3 6 11 48
111 0
110 0
101 0
100 0
011 0
010 1
001 0
000 0

# 29 Cytoskeleton_signaling 
.n 29 2 1 48
11 0
10 1
01 0
00 0

# 30 DISC 
.n 30 6 11 21 26 28 35 48
111111 0
111110 1
111101 0
111100 1
111011 0
111010 1
111001 0
111000 0
110111 0
110110 1
110101 0
110100 1
110011 0
110010 1
110001 0
110000 1
101111 0
101110 0
101101 0
101100 0
101011 0
101010 0
101001 0
101000 0
100111 0
100110 0
100101 0
100100 0
100011 0
100010 0
100001 0
100000 0
011111 0
011110 1
011101 0
011100 1
011011 0
011010 0
011001 0
011000 0
010111 0
010110 1
010101 0
010100 1
010011 0
010010 0
010001 0
010000 0
001111 0
001110 0
001101 0
001100 0
001011 0
001010 0
001001 0
001000 0
000111 0
000110 0
000101 0
000100 0
000011 0
000010 0
000001 0
000000 0

# 31 Caspase 
.n 31 6 7 14 30 37 43 48
111111 0
111110 1
111101 0
111100 1
111011 0
111010 1
111001 0
111000 1
110111 0
110110 0
110101 0
110100 0
110011 0
110010 0
110001 0
110000 0
101111 0
101110 1
101101 0
101100 1
101011 0
101010 1
101001 0
101000 1
100111 0
100110 0
100101 0
100100 0
100011 0
100010 0
100001 0
100000 0
011111 0
011110 1
011101 0
011100 1
011011 0
011010 1
011001 0
011000 1
010111 0
010110 1
010101 0
010100 1
010011 0
010010 0
010001 0
010000 0
001111 0
001110 1
001101 0
001100 1
001011 0
001010 1
001001 0
001000 1
000111 0
000110 1
000101 0
000100 0
000011 0
000010 0
000001 0
000000 0

# 32 RAS 
.n 32 4 13 15 20 48
1111 0
1110 0
1101 0
1100 0
1011 0
1010 1
1001 0
1000 1
0111 0
0110 0
0101 0
0100 0
0011 0
0010 1
0001 0
0000 0

# 33 JAK 
.n 33 7 22 24 42 45 48 53 58
1111111 0
1111110 0
1111101 0
1111100 0
1111011 0
1111010 0
1111001 0
1111000 1
1110111 0
1110110 0
1110101 0
1110100 0
1110011 0
1110010 0
1110001 0
1110000 1
1101111 0
1101110 0
1101101 0
1101100 0
1101011 0
1101010 0
1101001 0
1101000 1
1100111 0
1100110 0
1100101 0
1100100 0
1100011 0
1100010 0
1100001 0
1100000 1
1011111 0
1011110 0
1011101 0
1011100 0
1011011 0
1011010 0
1011001 0
1011000 1
1010111 0
1010110 0
1010101 0
1010100 0
1010011 0
1010010 0
1010001 0
1010000 1
1001111 0
1001110 0
1001101 0
1001100 0
1001011 0
1001010 0
1001001 0
1001000 1
1000111 0
1000110 0
1000101 0
1000100 0
1000011 0
1000010 0
1000001 0
1000000 1
0111111 0
0111110 0
0111101 0
0111100 0
0111011 0
0111010 0
0111001 0
0111000 1
0110111 0
0110110 0
0110101 0
0110100 0
0110011 0
0110010 0
0110001 0
0110000 1
0101111 0
0101110 0
0101101 0
0101100 0
0101011 0
0101010 0
0101001 0
0101000 1
0100111 0
0100110 0
0100101 0
0100100 0
0100011 0
0100010 0
0100001 0
0100000 1
0011111 0
0011110 0
0011101 0
0011100 0
0011011 0
0011010 0
0011001 0
0011000 1
0010111 0
0010110 0
0010101 0
0010100 0
0010011 0
0010010 0
0010001 0
0010000 1
0001111 0
0001110 0
0001101 0
0001100 0
0001011 0
0001010 0
0001001 0
0001000 1
0000111 0
0000110 0
0000101 0
0000100 0
0000011 0
0000010 0
0000001 0
0000000 0

# 34 ERK 
.n 34 3 4 44 48
111 0
110 1
101 0
100 0
011 0
010 0
001 0
000 0

# 35 IL2 
.n 35 5 10 16 23 48 49
11111 0
11110 0
11101 0
11100 0
11011 0
11010 0
11001 0
11000 0
10111 0
10110 0
10101 1
10100 1
10011 0
10010 0
10001 1
10000 1
01111 0
01110 0
01101 0
01100 0
01011 0
01010 0
01001 0
01000 0
00111 0
00110 0
00101 1
00100 1
00011 0
00010 0
00001 1
00000 0

# 36 sFas 
.n 36 2 21 48
11 0
10 1
01 0
00 0

# 37 BID 
.n 37 5 14 18 31 48 54
11111 0
11110 0
11101 0
11100 0
11011 0
11010 0
11001 0
11000 0
10111 0
10110 0
10101 0
10100 1
10011 0
10010 0
10001 0
10000 1
01111 0
01110 0
01101 0
01100 0
01011 0
01010 0
01001 0
01000 0
00111 0
00110 0
00101 0
00100 1
00011 0
00010 0
00001 0
00000 0

# 38 LCK 
.n 38 5 12 41 45 48 58
11111 0
11110 0
11101 1
11100 0
11011 0
11010 0
11001 1
11000 0
10111 0
10110 0
10101 1
10100 1
10011 0
10010 0
10001 1
10000 1
01111 0
01110 0
01101 1
01100 0
01011 0
01010 0
01001 1
01000 0
00111 0
00110 0
00101 1
00100 1
00011 0
00010 0
00001 1
00000 0

# 39 P2 
.n 39 4 39 42 48 56
1111 0
1110 0
1101 0
1100 1
1011 0
1010 0
1001 0
1000 1
0111 0
0110 0
0101 0
0100 1
0011 0
0010 0
0001 0
0000 0

# 40 PDGFR 
.n 40 3 6 48 60
111 0
110 0
101 1
100 1
011 0
010 0
001 1
000 0

# 41 ZAP70 
.n 41 3 1 38 48
111 0
110 0
101 0
100 0
011 0
010 1
001 0
000 0

# 42 IFNG 
.n 42 7 35 39 46 47 48 57 61
1111111 0
1111110 0
1111101 0
1111100 0
1111011 0
1111010 0
1111001 0
1111000 0
1110111 0
1110110 0
1110101 0
1110100 0
1110011 0
1110010 0
1110001 0
1110000 0
1101111 0
1101110 0
1101101 0
1101100 0
1101011 0
1101010 0
1101001 0
1101000 0
1100111 0
1100110 0
1100101 0
1100100 0
1100011 0
1100010 0
1100001 0
1100000 0
1011111 0
1011110 0
1011101 0
1011100 0
1011011 0
1011010 0
1011001 0
1011000 0
1010111 0
1010110 0
1010101 0
1010100 0
1010011 1
1010010 1
1010001 1
1010000 1
1001111 0
1001110 0
1001101 0
1001100 0
1001011 0
1001010 0
1001001 0
1001000 0
1000111 0
1000110 0
1000101 0
1000100 0
1000011 0
1000010 0
1000001 0
1000000 0
0111111 0
0111110 0
0111101 0
0111100 0
0111011 0
0111010 0
0111001 0
0111000 0
0110111 0
0110110 0
0110101 0
0110100 0
0110011 0
0110010 0
0110001 0
0110000 0
0101111 0
0101110 0
0101101 0
0101100 0
0101011 0
0101010 0
0101001 0
0101000 0
0100111 0
0100110 0
0100101 0
0100100 0
0100011 0
0100010 0
0100001 0
0100000 0
0011111 0
0011110 0
0011101 0
0011100 0
0011011 0
0011010 0
0011001 0
0011000 0
0010111 0
0010110 0
0010101 0
0010100 0
0010011 1
0010010 1
0010001 1
0010000 0
0001111 0
0001110 0
0001101 0
0001100 0
0001011 0
0001010 0
0001001 0
0001000 0
0000111 0
0000110 0
0000101 0
0000100 0
0000011 0
0000010 0
0000001 0
0000000 0

# 43 TRADD 
.n 43 4 7 25 48 50
1111 0
1110 0
1101 0
1100 0
1011 0
1010 0
1001 0
1000 0
0111 0
0110 0
0101 0
0100 0
0011 0
0010 0
0001 1
0000 0

# 44 PI3K 
.n 44 3 32 40 48
111 0
110 1
101 0
100 1
011 0
010 1
001 0
000 0

# 45 IL2RB 
.n 45 4 35 48 52 57
1111 0
1110 0
1101 0
1100 0
1011 1
1010 1
1001 0
1000 0
0111 0
0110 0
0101 0
0100 0
0011 1
0010 0
0001 0
0000 0

# 46 IFNGT 
.n 46 4 16 23 48 49
1111 0
1110 0
1101 1
1100 1
1011 0
1010 0
1001 1
1000 1
0111 0
0110 0
0101 1
0100 1
0011 0
0010 0
0001 1
0000 0

# 47 SMAD 
.n 47 2 8 48
11 0
10 1
01 0
00 0

# 48 Apoptosis 
.n 48 2 31 48
11 1
10 1
01 1
00 0

# 49 NFAT 
.n 49 2 44 48
11 0
10 1
01 0
00 0

# 50 TNF 
.n 50 2 10 48
11 0
10 1
01 0
00 0

# 51 SPHK1 
.n 51 2 40 48
11 0
10 1
01 0
00 0

# 52 IL2RBT 
.n 52 3 16 34 48
111 0
110 1
101 0
100 0
011 0
010 0
001 0
000 0

# 53 SOCS 
.n 53 4 33 35 48 57
1111 0
1110 0
1101 0
1100 0
1011 0
1010 0
1001 0
1000 1
0111 0
0110 0
0101 0
0100 0
0011 0
0010 0
0001 0
0000 0

# 54 BclxL 
.n 54 6 10 14 23 30 37 48
111111 0
111110 0
111101 0
111100 0
111011 0
111010 0
111001 0
111000 0
110111 0
110110 0
110101 0
110100 0
110011 0
110010 0
110001 0
110000 0
101111 0
101110 0
101101 0
101100 0
101011 0
101010 0
101001 0
101000 1
100111 0
100110 0
100101 0
100100 0
100011 0
100010 0
100001 0
100000 1
011111 0
011110 0
011101 0
011100 0
011011 0
011010 0
011001 0
011000 0
010111 0
010110 0
010101 0
010100 0
010011 0
010010 0
010001 0
010000 0
001111 0
001110 0
001101 0
001100 0
001011 0
001010 0
001001 0
001000 1
000111 0
000110 0
000101 0
000100 0
000011 0
000010 0
000001 0
000000 0

# 55 IFN 
.n 55 0

# 56 Stimuli2 
.n 56 0

# 57 IL15 
.n 57 0

# 58 CD45 
.n 58 0

# 59 TAX 
.n 59 0

# 60 PDGF 
.n 60 0

# 61 Stimuli 
.n 61 0

.e End of file
