.v 18

.l 1 Ceramide
.l 2 GPCR
.l 3 sFas
.l 4 P2
.l 5 SMAD
.l 6 BID
.l 7 CTLA4
.l 8 IFNG
.l 9 S1P
.l 10 MCL1
.l 11 Fas
.l 12 TCR
.l 13 Caspase
.l 14 IAP
.l 15 FLIP
.l 16 DISC
.l 17 CREB
.l 18 Apoptosis

# 1 Ceramide 
.n 1 3 9 11 18
111 0
110 0
101 0
100 0
011 0
010 1
001 0
000 0

# 2 GPCR 
.n 2 2 9 18
11 0
10 1
01 0
00 0

# 3 sFas 
.n 3 2 9 18
11 0
10 1
01 0
00 0

# 4 P2 
.n 4 3 4 8 18
111 0
110 1
101 0
100 1
011 0
010 1
001 0
000 0

# 5 SMAD 
.n 5 2 2 18
11 0
10 1
01 0
00 0

# 6 BID 
.n 6 2 10 18
11 0
10 0
01 0
00 1

# 7 CTLA4 
.n 7 2 12 18
11 0
10 1
01 0
00 0

# 8 IFNG 
.n 8 3 4 5 18
111 0
110 0
101 0
100 0
011 0
010 0
001 0
000 1

# 9 S1P 
.n 9 2 1 18
11 0
10 0
01 0
00 1

# 10 MCL1 
.n 10 2 16 18
11 0
10 0
01 0
00 1

# 11 Fas 
.n 11 2 3 18
11 0
10 0
01 0
00 1

# 12 TCR 
.n 12 2 7 18
11 0
10 0
01 0
00 1

# 13 Caspase 
.n 13 4 6 14 16 18
1111 0
1110 1
1101 0
1100 0
1011 0
1010 1
1001 0
1000 1
0111 0
0110 1
0101 0
0100 0
0011 0
0010 1
0001 0
0000 0

# 14 IAP 
.n 14 2 6 18
11 0
10 0
01 0
00 1

# 15 FLIP 
.n 15 2 16 18
11 0
10 0
01 0
00 1

# 16 DISC 
.n 16 4 1 11 15 18
1111 0
1110 1
1101 0
1100 1
1011 0
1010 1
1001 0
1000 1
0111 0
0110 0
0101 0
0100 1
0011 0
0010 0
0001 0
0000 0

# 17 CREB 
.n 17 2 8 18
11 0
10 1
01 0
00 0

# 18 Apoptosis 
.n 18 2 13 18
11 1
10 1
01 1
00 0

.e End of file
