.v 60

.l 1 IL2RBT
.l 2 Fas
.l 3 TPL2
.l 4 FYN
.l 5 MEK
.l 6 GAP
.l 7 RANTES
.l 8 IL2
.l 9 JAK
.l 10 MCL1
.l 11 Caspase
.l 12 GZMB
.l 13 Ceramide
.l 14 ZAP70
.l 15 FasL
.l 16 TRADD
.l 17 IL2RAT
.l 18 ERK
.l 19 BID
.l 20 STAT3
.l 21 NFKB
.l 22 A20
.l 23 IAP
.l 24 CREB
.l 25 sFas
.l 26 LCK
.l 27 PDGFR
.l 28 TNF
.l 29 IFNGT
.l 30 PLCG1
.l 31 TCR
.l 32 SMAD
.l 33 GPCR
.l 34 IL2RA
.l 35 FasT
.l 36 S1P
.l 37 BclxL
.l 38 P2
.l 39 IFNG
.l 40 DISC
.l 41 Cytoskeleton_signaling
.l 42 GRB2
.l 43 RAS
.l 44 SOCS
.l 45 P27
.l 46 Apoptosis
.l 47 SPHK1
.l 48 IL2RB
.l 49 CTLA4
.l 50 Proliferation
.l 51 FLIP
.l 52 PI3K
.l 53 NFAT
.l 54 TBET
.l 55 PDGF
.l 56 CD45
.l 57 TAX
.l 58 Stimuli2
.l 59 Stimuli
.l 60 IL15

# 1 IL2RBT 
.n 1 3 18 46 54
111 0
110 0
101 1
100 0
011 0
010 0
001 0
000 0

# 2 Fas 
.n 2 4 15 25 35 46
1111 0
1110 0
1101 0
1100 0
1011 0
1010 1
1001 0
1000 0
0111 0
0110 0
0101 0
0100 0
0011 0
0010 0
0001 0
0000 0

# 3 TPL2 
.n 3 4 28 46 52 57
1111 0
1110 0
1101 0
1100 0
1011 1
1010 1
1001 1
1000 0
0111 0
0110 0
0101 0
0100 0
0011 1
0010 0
0001 1
0000 0

# 4 FYN 
.n 4 3 31 46 48
111 0
110 0
101 1
100 1
011 0
010 0
001 1
000 0

# 5 MEK 
.n 5 2 43 46
11 0
10 1
01 0
00 0

# 6 GAP 
.n 6 6 6 8 27 43 46 60
111111 0
111110 0
111101 0
111100 0
111011 0
111010 0
111001 0
111000 0
110111 0
110110 0
110101 0
110100 0
110011 0
110010 0
110001 0
110000 0
101111 0
101110 0
101101 0
101100 1
101011 0
101010 0
101001 0
101000 1
100111 0
100110 0
100101 0
100100 1
100011 0
100010 0
100001 0
100000 0
011111 0
011110 0
011101 0
011100 0
011011 0
011010 0
011001 0
011000 0
010111 0
010110 0
010101 0
010100 0
010011 0
010010 0
010001 0
010000 0
001111 0
001110 0
001101 0
001100 1
001011 0
001010 0
001001 0
001000 0
000111 0
000110 0
000101 0
000100 1
000011 0
000010 0
000001 0
000000 0

# 7 RANTES 
.n 7 2 21 46
11 0
10 1
01 0
00 0

# 8 IL2 
.n 8 5 20 21 46 53 54
11111 0
11110 0
11101 0
11100 0
11011 0
11010 1
11001 0
11000 1
10111 0
10110 0
10101 0
10100 0
10011 0
10010 1
10001 0
10000 1
01111 0
01110 0
01101 0
01100 0
01011 0
01010 1
01001 0
01000 1
00111 0
00110 0
00101 0
00100 0
00011 0
00010 1
00001 0
00000 0

# 9 JAK 
.n 9 7 7 34 39 44 46 48 56
1111111 0
1111110 0
1111101 0
1111100 0
1111011 0
1111010 0
1111001 0
1111000 0
1110111 0
1110110 0
1110101 0
1110100 0
1110011 0
1110010 1
1110001 0
1110000 1
1101111 0
1101110 0
1101101 0
1101100 0
1101011 0
1101010 0
1101001 0
1101000 0
1100111 0
1100110 0
1100101 0
1100100 0
1100011 0
1100010 1
1100001 0
1100000 1
1011111 0
1011110 0
1011101 0
1011100 0
1011011 0
1011010 0
1011001 0
1011000 0
1010111 0
1010110 0
1010101 0
1010100 0
1010011 0
1010010 1
1010001 0
1010000 1
1001111 0
1001110 0
1001101 0
1001100 0
1001011 0
1001010 0
1001001 0
1001000 0
1000111 0
1000110 0
1000101 0
1000100 0
1000011 0
1000010 1
1000001 0
1000000 1
0111111 0
0111110 0
0111101 0
0111100 0
0111011 0
0111010 0
0111001 0
0111000 0
0110111 0
0110110 0
0110101 0
0110100 0
0110011 0
0110010 1
0110001 0
0110000 1
0101111 0
0101110 0
0101101 0
0101100 0
0101011 0
0101010 0
0101001 0
0101000 0
0100111 0
0100110 0
0100101 0
0100100 0
0100011 0
0100010 1
0100001 0
0100000 1
0011111 0
0011110 0
0011101 0
0011100 0
0011011 0
0011010 0
0011001 0
0011000 0
0010111 0
0010110 0
0010101 0
0010100 0
0010011 0
0010010 1
0010001 0
0010000 1
0001111 0
0001110 0
0001101 0
0001100 0
0001011 0
0001010 0
0001001 0
0001000 0
0000111 0
0000110 0
0000101 0
0000100 0
0000011 0
0000010 1
0000001 0
0000000 0

# 10 MCL1 
.n 10 6 20 21 40 46 48 52
111111 0
111110 0
111101 0
111100 0
111011 0
111010 0
111001 0
111000 0
110111 0
110110 0
110101 0
110100 0
110011 1
110010 0
110001 0
110000 0
101111 0
101110 0
101101 0
101100 0
101011 0
101010 0
101001 0
101000 0
100111 0
100110 0
100101 0
100100 0
100011 0
100010 0
100001 0
100000 0
011111 0
011110 0
011101 0
011100 0
011011 0
011010 0
011001 0
011000 0
010111 0
010110 0
010101 0
010100 0
010011 0
010010 0
010001 0
010000 0
001111 0
001110 0
001101 0
001100 0
001011 0
001010 0
001001 0
001000 0
000111 0
000110 0
000101 0
000100 0
000011 0
000010 0
000001 0
000000 0

# 11 Caspase 
.n 11 6 12 16 19 23 40 46
111111 0
111110 1
111101 0
111100 0
111011 0
111010 1
111001 0
111000 1
110111 0
110110 1
110101 0
110100 0
110011 0
110010 1
110001 0
110000 0
101111 0
101110 1
101101 0
101100 0
101011 0
101010 1
101001 0
101000 1
100111 0
100110 1
100101 0
100100 0
100011 0
100010 1
100001 0
100000 0
011111 0
011110 1
011101 0
011100 0
011011 0
011010 1
011001 0
011000 1
010111 0
010110 1
010101 0
010100 0
010011 0
010010 1
010001 0
010000 0
001111 0
001110 1
001101 0
001100 0
001011 0
001010 1
001001 0
001000 0
000111 0
000110 1
000101 0
000100 0
000011 0
000010 1
000001 0
000000 0

# 12 GZMB 
.n 12 4 24 39 46 54
1111 0
1110 0
1101 1
1100 1
1011 0
1010 0
1001 1
1000 0
0111 0
0110 0
0101 1
0100 0
0011 0
0010 0
0001 1
0000 0

# 13 Ceramide 
.n 13 3 2 36 46
111 0
110 0
101 0
100 1
011 0
010 0
001 0
000 0

# 14 ZAP70 
.n 14 3 4 26 46
111 0
110 0
101 0
100 0
011 0
010 1
001 0
000 0

# 15 FasL 
.n 15 5 18 20 21 46 53
11111 0
11110 0
11101 1
11100 1
11011 0
11010 0
11001 1
11000 1
10111 0
10110 0
10101 1
10100 1
10011 0
10010 0
10001 1
10000 1
01111 0
01110 0
01101 1
01100 1
01011 0
01010 0
01001 1
01000 1
00111 0
00110 0
00101 1
00100 1
00011 0
00010 0
00001 1
00000 0

# 16 TRADD 
.n 16 4 22 23 28 46
1111 0
1110 0
1101 0
1100 0
1011 0
1010 0
1001 0
1000 0
0111 0
0110 0
0101 0
0100 0
0011 0
0010 1
0001 0
0000 0

# 17 IL2RAT 
.n 17 4 8 20 21 46
1111 0
1110 1
1101 0
1100 1
1011 0
1010 1
1001 0
1000 0
0111 0
0110 0
0101 0
0100 0
0011 0
0010 0
0001 0
0000 0

# 18 ERK 
.n 18 3 5 46 52
111 0
110 0
101 1
100 0
011 0
010 0
001 0
000 0

# 19 BID 
.n 19 5 10 11 12 37 46
11111 0
11110 0
11101 0
11100 0
11011 0
11010 0
11001 0
11000 0
10111 0
10110 0
10101 0
10100 0
10011 0
10010 0
10001 0
10000 0
01111 0
01110 0
01101 0
01100 1
01011 0
01010 0
01001 0
01000 1
00111 0
00110 0
00101 0
00100 1
00011 0
00010 0
00001 0
00000 0

# 20 STAT3 
.n 20 2 9 46
11 0
10 1
01 0
00 0

# 21 NFKB 
.n 21 6 3 16 23 46 51 52
111111 0
111110 0
111101 0
111100 0
111011 1
111010 1
111001 1
111000 1
110111 0
110110 0
110101 0
110100 0
110011 1
110010 1
110001 1
110000 1
101111 0
101110 0
101101 0
101100 0
101011 1
101010 1
101001 1
101000 1
100111 0
100110 0
100101 0
100100 0
100011 1
100010 1
100001 1
100000 1
011111 0
011110 0
011101 0
011100 0
011011 1
011010 1
011001 1
011000 0
010111 0
010110 0
010101 0
010100 0
010011 1
010010 0
010001 1
010000 0
001111 0
001110 0
001101 0
001100 0
001011 1
001010 0
001001 1
001000 0
000111 0
000110 0
000101 0
000100 0
000011 1
000010 0
000001 1
000000 0

# 22 A20 
.n 22 2 21 46
11 0
10 1
01 0
00 0

# 23 IAP 
.n 23 3 19 21 46
111 0
110 0
101 0
100 0
011 0
010 1
001 0
000 0

# 24 CREB 
.n 24 3 18 39 46
111 0
110 1
101 0
100 0
011 0
010 0
001 0
000 0

# 25 sFas 
.n 25 3 35 36 46
111 0
110 1
101 0
100 0
011 0
010 0
001 0
000 0

# 26 LCK 
.n 26 5 14 31 46 48 56
11111 0
11110 0
11101 0
11100 0
11011 1
11010 0
11001 1
11000 0
10111 0
10110 0
10101 0
10100 0
10011 1
10010 0
10001 1
10000 0
01111 0
01110 0
01101 0
01100 0
01011 1
01010 1
01001 1
01000 1
00111 0
00110 0
00101 0
00100 0
00011 1
00010 1
00001 1
00000 0

# 27 PDGFR 
.n 27 3 36 46 55
111 0
110 0
101 1
100 1
011 0
010 0
001 1
000 0

# 28 TNF 
.n 28 2 21 46
11 0
10 1
01 0
00 0

# 29 IFNGT 
.n 29 4 20 46 53 54
1111 0
1110 0
1101 0
1100 0
1011 1
1010 1
1001 1
1000 1
0111 0
0110 0
0101 0
0100 0
0011 1
0010 1
0001 1
0000 0

# 30 PLCG1 
.n 30 3 27 42 46
111 0
110 1
101 0
100 1
011 0
010 1
001 0
000 0

# 31 TCR 
.n 31 3 46 49 59
111 0
110 0
101 0
100 0
011 0
010 0
001 1
000 0

# 32 SMAD 
.n 32 2 33 46
11 0
10 1
01 0
00 0

# 33 GPCR 
.n 33 2 36 46
11 0
10 1
01 0
00 0

# 34 IL2RA 
.n 34 4 8 17 34 46
1111 0
1110 0
1101 0
1100 1
1011 0
1010 0
1001 0
1000 0
0111 0
0110 0
0101 0
0100 0
0011 0
0010 0
0001 0
0000 0

# 35 FasT 
.n 35 2 21 46
11 0
10 1
01 0
00 0

# 36 S1P 
.n 36 3 13 46 47
111 0
110 0
101 0
100 0
011 0
010 0
001 1
000 0

# 37 BclxL 
.n 37 6 12 19 20 21 40 46
111111 0
111110 0
111101 0
111100 0
111011 0
111010 0
111001 0
111000 0
110111 0
110110 0
110101 0
110100 0
110011 0
110010 0
110001 0
110000 0
101111 0
101110 0
101101 0
101100 0
101011 0
101010 0
101001 0
101000 0
100111 0
100110 0
100101 0
100100 0
100011 0
100010 0
100001 0
100000 0
011111 0
011110 0
011101 0
011100 0
011011 0
011010 0
011001 0
011000 0
010111 0
010110 0
010101 0
010100 0
010011 0
010010 0
010001 0
010000 0
001111 0
001110 0
001101 0
001100 1
001011 0
001010 0
001001 0
001000 1
000111 0
000110 0
000101 0
000100 1
000011 0
000010 0
000001 0
000000 0

# 38 P2 
.n 38 4 38 39 46 58
1111 0
1110 0
1101 0
1100 1
1011 0
1010 0
1001 0
1000 1
0111 0
0110 0
0101 0
0100 1
0011 0
0010 0
0001 0
0000 0

# 39 IFNG 
.n 39 7 8 29 32 38 46 59 60
1111111 0
1111110 0
1111101 0
1111100 0
1111011 0
1111010 0
1111001 0
1111000 0
1110111 0
1110110 0
1110101 0
1110100 0
1110011 0
1110010 0
1110001 0
1110000 0
1101111 0
1101110 0
1101101 0
1101100 0
1101011 0
1101010 0
1101001 0
1101000 0
1100111 0
1100110 0
1100101 0
1100100 0
1100011 1
1100010 1
1100001 1
1100000 1
1011111 0
1011110 0
1011101 0
1011100 0
1011011 0
1011010 0
1011001 0
1011000 0
1010111 0
1010110 0
1010101 0
1010100 0
1010011 0
1010010 0
1010001 0
1010000 0
1001111 0
1001110 0
1001101 0
1001100 0
1001011 0
1001010 0
1001001 0
1001000 0
1000111 0
1000110 0
1000101 0
1000100 0
1000011 0
1000010 0
1000001 0
1000000 0
0111111 0
0111110 0
0111101 0
0111100 0
0111011 0
0111010 0
0111001 0
0111000 0
0110111 0
0110110 0
0110101 0
0110100 0
0110011 0
0110010 0
0110001 0
0110000 0
0101111 0
0101110 0
0101101 0
0101100 0
0101011 0
0101010 0
0101001 0
0101000 0
0100111 0
0100110 0
0100101 0
0100100 0
0100011 1
0100010 1
0100001 1
0100000 0
0011111 0
0011110 0
0011101 0
0011100 0
0011011 0
0011010 0
0011001 0
0011000 0
0010111 0
0010110 0
0010101 0
0010100 0
0010011 0
0010010 0
0010001 0
0010000 0
0001111 0
0001110 0
0001101 0
0001100 0
0001011 0
0001010 0
0001001 0
0001000 0
0000111 0
0000110 0
0000101 0
0000100 0
0000011 0
0000010 0
0000001 0
0000000 0

# 40 DISC 
.n 40 6 2 8 13 35 46 51
111111 0
111110 0
111101 1
111100 1
111011 0
111010 0
111001 0
111000 0
110111 0
110110 0
110101 1
110100 1
110011 0
110010 0
110001 0
110000 0
101111 0
101110 0
101101 1
101100 1
101011 0
101010 0
101001 0
101000 0
100111 0
100110 0
100101 0
100100 1
100011 0
100010 0
100001 0
100000 0
011111 0
011110 0
011101 1
011100 1
011011 0
011010 0
011001 0
011000 0
010111 0
010110 0
010101 0
010100 0
010011 0
010010 0
010001 0
010000 0
001111 0
001110 0
001101 1
001100 1
001011 0
001010 0
001001 0
001000 0
000111 0
000110 0
000101 0
000100 0
000011 0
000010 0
000001 0
000000 0

# 41 Cytoskeleton_signaling 
.n 41 2 4 46
11 0
10 1
01 0
00 0

# 42 GRB2 
.n 42 3 14 46 48
111 0
110 0
101 1
100 1
011 0
010 0
001 1
000 0

# 43 RAS 
.n 43 4 6 30 42 46
1111 0
1110 0
1101 0
1100 0
1011 0
1010 0
1001 0
1000 0
0111 0
0110 1
0101 0
0100 1
0011 0
0010 1
0001 0
0000 0

# 44 SOCS 
.n 44 4 8 9 46 60
1111 0
1110 0
1101 0
1100 0
1011 0
1010 0
1001 0
1000 0
0111 0
0110 0
0101 0
0100 1
0011 0
0010 0
0001 0
0000 0

# 45 P27 
.n 45 2 20 46
11 0
10 1
01 0
00 0

# 46 Apoptosis 
.n 46 2 11 46
11 1
10 1
01 1
00 0

# 47 SPHK1 
.n 47 2 27 46
11 0
10 1
01 0
00 0

# 48 IL2RB 
.n 48 4 1 8 46 60
1111 0
1110 0
1101 1
1100 1
1011 0
1010 0
1001 1
1000 0
0111 0
0110 0
0101 0
0100 0
0011 0
0010 0
0001 0
0000 0

# 49 CTLA4 
.n 49 2 31 46
11 0
10 1
01 0
00 0

# 50 Proliferation 
.n 50 3 20 45 46
111 0
110 0
101 0
100 1
011 0
010 0
001 0
000 0

# 51 FLIP 
.n 51 5 21 24 39 40 46
11111 0
11110 0
11101 0
11100 1
11011 0
11010 0
11001 0
11000 1
10111 0
10110 0
10101 0
10100 1
10011 0
10010 0
10001 0
10000 1
01111 0
01110 0
01101 0
01100 1
01011 0
01010 0
01001 0
01000 0
00111 0
00110 0
00101 0
00100 0
00011 0
00010 0
00001 0
00000 0

# 52 PI3K 
.n 52 3 27 43 46
111 0
110 1
101 0
100 1
011 0
010 1
001 0
000 0

# 53 NFAT 
.n 53 2 46 52
11 0
10 0
01 1
00 0

# 54 TBET 
.n 54 3 9 46 54
111 0
110 0
101 1
100 1
011 0
010 0
001 1
000 0

# 55 PDGF 
.n 55 0

# 56 CD45 
.n 56 0

# 57 TAX 
.n 57 0

# 58 Stimuli2 
.n 58 0

# 59 Stimuli 
.n 59 0

# 60 IL15 
.n 60 0

.e End of file
