.v 26

.l 1 AD
.l 2 BC
.l 3 DCI
.l 4 DCII
.l 5 EC
.l 6 EL
.l 7 EL2
.l 8 IFNgI
.l 9 IgA
.l 10 IgE
.l 11 IgG
.l 12 IL10I
.l 13 IL12II
.l 14 IL13
.l 15 IL4I
.l 16 IL4II
.l 17 IL5
.l 18 NE
.l 19 PIC
.l 20 T0
.l 21 TEL
.l 22 Th1I
.l 23 Th1II
.l 24 Th2I
.l 25 Th2II
.l 26 IS

# 1 AD 
.n 1 4 1 26 11 18
0000 0
0001 0
0010 0
0011 0
0100 1
0101 1
0110 1
0111 0
1000 1
1001 1
1010 1
1011 0
1100 1
1101 1
1110 1
1111 0

# 2 BC 
.n 2 2 2 20
00 0
01 1
10 1
11 1

# 3 DCI 
.n 3 1 19
0 0
1 1

# 4 DCII 
.n 4 1 3
0 0
1 1

# 5 EC 
.n 5 2 1 26
00 0
01 1
10 1
11 1

# 6 EL 
.n 6 2 7 26
00 0
01 1
10 0
11 0

# 7 EL2 
.n 7 3 14 17 10
000 0
001 0
010 0
011 1
100 0
101 0
110 1
111 1

# 8 IFNgI 
.n 8 2 3 22
00 0
01 1
10 1
11 1

# 9 IgA 
.n 9 2 2 26
00 0
01 0
10 0
11 1

# 10 IgE 
.n 10 3 2 14 16
000 0
001 0
010 0
011 0
100 0
101 1
110 1
111 1

# 11 IgG 
.n 11 1 2
0 0
1 1

# 12 IL10I 
.n 12 1 24
0 0
1 1

# 13 IL12II 
.n 13 3 4 16 20
000 0
001 0
010 0
011 0
100 0
101 1
110 0
111 0

# 14 IL13 
.n 14 4 6 7 26 24
0000 0
0001 1
0010 0
0011 1
0100 1
0101 1
0110 1
0111 1
1000 0
1001 1
1010 1
1011 1
1100 1
1101 1
1110 1
1111 1

# 15 IL4I 
.n 15 1 16
0 0
1 1

# 16 IL4II 
.n 16 5 4 7 13 20 25
00000 0
00001 1
00010 0
00011 1
00100 0
00101 0
00110 0
00111 0
01000 1
01001 1
01010 1
01011 1
01100 1
01101 1
01110 1
01111 1
10000 0
10001 1
10010 1
10011 1
10100 0
10101 0
10110 0
10111 0
11000 1
11001 1
11010 1
11011 1
11100 1
11101 1
11110 1
11111 1

# 17 IL5 
.n 17 2 7 24
00 0
01 1
10 1
11 1

# 18 NE 
.n 18 5 1 8 12 15 19
00000 0
00001 0
00010 0
00011 0
00100 0
00101 0
00110 0
00111 0
01000 1
01001 1
01010 0
01011 0
01100 0
01101 0
01110 0
01111 0
10000 0
10001 1
10010 0
10011 0
10100 0
10101 0
10110 0
10111 0
11000 1
11001 1
11010 0
11011 0
11100 0
11101 0
11110 0
11111 0

# 19 PIC 
.n 19 3 5 12 9
000 0
001 0
010 0
011 0
100 1
101 0
110 0
111 0

# 20 T0 
.n 20 1 4
0 0
1 1

# 21 TEL 
.n 21 2 6 7
00 0
01 1
10 1
11 1

# 22 Th1I 
.n 22 1 23
0 0
1 1

# 23 Th1II 
.n 23 3 4 13 20
000 0
001 0
010 0
011 0
100 0
101 0
110 0
111 1

# 24 Th2I 
.n 24 1 25
0 0
1 1

# 25 Th2II 
.n 25 3 4 13 20
000 0
001 0
010 0
011 0
100 0
101 1
110 0
111 0

# 26 IS 
.n 26 0

.e End of file
