.v 26

.l 1 IL5
.l 2 IgE
.l 3 Th2II
.l 4 DCI
.l 5 DCII
.l 6 IFNgI
.l 7 Th1I
.l 8 IL12II
.l 9 EL
.l 10 IgG
.l 11 Th2I
.l 12 IL4I
.l 13 IL10I
.l 14 TEL
.l 15 AD
.l 16 IL13
.l 17 BC
.l 18 PIC
.l 19 NE
.l 20 EL2
.l 21 IL4II
.l 22 Th1II
.l 23 EC
.l 24 IgA
.l 25 T0
.l 26 IS

# 1 IL5 
.n 1 2 11 20
11 1
10 1
01 1
00 0

# 2 IgE 
.n 2 3 16 17 21
111 1
110 1
101 0
100 0
011 1
010 0
001 0
000 0

# 3 Th2II 
.n 3 3 5 8 25
111 0
110 0
101 1
100 0
011 0
010 0
001 0
000 0

# 4 DCI 
.n 4 1 18
1 1
0 0

# 5 DCII 
.n 5 1 4
1 1
0 0

# 6 IFNgI 
.n 6 2 4 7
11 1
10 1
01 1
00 0

# 7 Th1I 
.n 7 1 22
1 1
0 0

# 8 IL12II 
.n 8 3 5 21 25
111 0
110 0
101 1
100 0
011 0
010 0
001 0
000 0

# 9 EL 
.n 9 2 20 26
11 0
10 0
01 1
00 0

# 10 IgG 
.n 10 1 17
1 1
0 0

# 11 Th2I 
.n 11 1 3
1 1
0 0

# 12 IL4I 
.n 12 1 21
1 1
0 0

# 13 IL10I 
.n 13 1 11
1 1
0 0

# 14 TEL 
.n 14 2 9 20
11 1
10 1
01 1
00 0

# 15 AD 
.n 15 4 10 15 19 26
1111 0
1110 0
1101 1
1100 1
1011 0
1010 0
1001 1
1000 0
0111 1
0110 1
0101 1
0100 1
0011 1
0010 0
0001 1
0000 0

# 16 IL13 
.n 16 4 9 11 20 26
1111 1
1110 1
1101 1
1100 1
1011 1
1010 1
1001 1
1000 0
0111 1
0110 1
0101 1
0100 1
0011 1
0010 1
0001 0
0000 0

# 17 BC 
.n 17 2 17 25
11 1
10 1
01 1
00 0

# 18 PIC 
.n 18 3 13 23 24
111 0
110 0
101 0
100 0
011 0
010 1
001 0
000 0

# 19 NE 
.n 19 5 6 12 13 15 18
11111 0
11110 0
11101 0
11100 0
11011 0
11010 0
11001 0
11000 0
10111 0
10110 0
10101 0
10100 0
10011 1
10010 1
10001 1
10000 1
01111 0
01110 0
01101 0
01100 0
01011 0
01010 0
01001 0
01000 0
00111 0
00110 0
00101 0
00100 0
00011 1
00010 0
00001 0
00000 0

# 20 EL2 
.n 20 3 1 2 16
111 1
110 1
101 1
100 0
011 0
010 0
001 0
000 0

# 21 IL4II 
.n 21 5 3 5 8 20 25
11111 1
11110 1
11101 0
11100 0
11011 1
11010 1
11001 1
11000 1
10111 1
10110 1
10101 0
10100 0
10011 1
10010 1
10001 1
10000 1
01111 1
01110 1
01101 0
01100 0
01011 1
01010 1
01001 1
01000 0
00111 1
00110 1
00101 0
00100 0
00011 1
00010 1
00001 0
00000 0

# 22 Th1II 
.n 22 3 5 8 25
111 1
110 0
101 0
100 0
011 0
010 0
001 0
000 0

# 23 EC 
.n 23 2 15 26
11 1
10 1
01 1
00 0

# 24 IgA 
.n 24 2 17 26
11 1
10 0
01 0
00 0

# 25 T0 
.n 25 1 5
1 1
0 0

# 26 IS 
.n 26 0

.e End of file
