.v 32

.l 1 CDH2
.l 2 TWIST1
.l 3 TGFbeta
.l 4 p53
.l 5 SMAD
.l 6 NICD
.l 7 SNAI2
.l 8 Migration
.l 9 Invasion
.l 10 p73
.l 11 EMT
.l 12 ERK
.l 13 miR200
.l 14 Metastasis
.l 15 GF
.l 16 DKK1
.l 17 ZEB2
.l 18 SNAI1
.l 19 p63
.l 20 VIM
.l 21 CellCycleArrest
.l 22 CDH1
.l 23 p21
.l 24 miR203
.l 25 ZEB1
.l 26 miR34
.l 27 Apoptosis
.l 28 AKT2
.l 29 CTNNB1
.l 30 AKT1
.l 31 ECM
.l 32 DNAdamage

# 1 CDH2 
.n 1 1 2
1 1
0 0

# 2 TWIST1 
.n 2 3 6 18 29
111 1
110 1
101 1
100 1
011 1
010 1
001 1
000 0

# 3 TGFbeta 
.n 3 3 6 29 31
111 0
110 0
101 1
100 1
011 0
010 0
001 1
000 0

# 4 p53 
.n 4 8 6 7 10 26 28 29 30 32
11111111 0
11111110 0
11111101 0
11111100 0
11111011 0
11111010 0
11111001 0
11111000 0
11110111 0
11110110 0
11110101 0
11110100 0
11110011 0
11110010 0
11110001 0
11110000 0
11101111 0
11101110 0
11101101 0
11101100 0
11101011 0
11101010 0
11101001 0
11101000 0
11100111 0
11100110 0
11100101 0
11100100 0
11100011 0
11100010 0
11100001 0
11100000 0
11011111 0
11011110 0
11011101 0
11011100 0
11011011 0
11011010 0
11011001 0
11011000 0
11010111 0
11010110 0
11010101 0
11010100 0
11010011 0
11010010 0
11010001 0
11010000 0
11001111 0
11001110 0
11001101 0
11001100 0
11001011 0
11001010 0
11001001 0
11001000 0
11000111 0
11000110 0
11000101 0
11000100 0
11000011 0
11000010 0
11000001 0
11000000 0
10111111 0
10111110 0
10111101 0
10111100 0
10111011 0
10111010 0
10111001 0
10111000 0
10110111 0
10110110 0
10110101 0
10110100 0
10110011 0
10110010 0
10110001 0
10110000 0
10101111 0
10101110 0
10101101 0
10101100 0
10101011 0
10101010 0
10101001 0
10101000 0
10100111 0
10100110 0
10100101 0
10100100 0
10100011 0
10100010 0
10100001 0
10100000 0
10011111 0
10011110 0
10011101 0
10011100 0
10011011 0
10011010 0
10011001 0
10011000 0
10010111 0
10010110 0
10010101 1
10010100 1
10010011 0
10010010 0
10010001 1
10010000 1
10001111 0
10001110 0
10001101 0
10001100 0
10001011 0
10001010 0
10001001 0
10001000 0
10000111 0
10000110 0
10000101 1
10000100 1
10000011 0
10000010 0
10000001 1
10000000 1
01111111 0
01111110 0
01111101 0
01111100 0
01111011 0
01111010 0
01111001 0
01111000 0
01110111 0
01110110 0
01110101 0
01110100 0
01110011 0
01110010 0
01110001 0
01110000 0
01101111 0
01101110 0
01101101 0
01101100 0
01101011 0
01101010 0
01101001 0
01101000 0
01100111 0
01100110 0
01100101 0
01100100 0
01100011 0
01100010 0
01100001 0
01100000 0
01011111 0
01011110 0
01011101 0
01011100 0
01011011 0
01011010 0
01011001 0
01011000 0
01010111 0
01010110 0
01010101 0
01010100 0
01010011 0
01010010 0
01010001 0
01010000 0
01001111 0
01001110 0
01001101 0
01001100 0
01001011 0
01001010 0
01001001 0
01001000 0
01000111 0
01000110 0
01000101 0
01000100 0
01000011 0
01000010 0
01000001 0
01000000 0
00111111 0
00111110 0
00111101 0
00111100 0
00111011 0
00111010 0
00111001 0
00111000 0
00110111 0
00110110 0
00110101 0
00110100 0
00110011 0
00110010 0
00110001 0
00110000 0
00101111 0
00101110 0
00101101 0
00101100 0
00101011 0
00101010 0
00101001 0
00101000 0
00100111 0
00100110 0
00100101 0
00100100 0
00100011 0
00100010 0
00100001 0
00100000 0
00011111 0
00011110 0
00011101 0
00011100 0
00011011 0
00011010 0
00011001 0
00011000 0
00010111 0
00010110 0
00010101 1
00010100 1
00010011 0
00010010 0
00010001 1
00010000 1
00001111 0
00001110 0
00001101 0
00001100 0
00001011 0
00001010 0
00001001 0
00001000 0
00000111 0
00000110 0
00000101 1
00000100 1
00000011 0
00000010 0
00000001 1
00000000 0

# 5 SMAD 
.n 5 3 3 13 24
111 0
110 0
101 0
100 1
011 0
010 0
001 0
000 0

# 6 NICD 
.n 6 6 4 10 13 19 26 31
111111 0
111110 0
111101 0
111100 0
111011 0
111010 0
111001 0
111000 0
110111 0
110110 0
110101 0
110100 0
110011 0
110010 0
110001 0
110000 0
101111 0
101110 0
101101 0
101100 0
101011 0
101010 0
101001 0
101000 0
100111 0
100110 0
100101 0
100100 0
100011 0
100010 0
100001 0
100000 0
011111 0
011110 0
011101 0
011100 0
011011 0
011010 0
011001 0
011000 0
010111 0
010110 0
010101 0
010100 0
010011 0
010010 0
010001 0
010000 0
001111 0
001110 0
001101 0
001100 0
001011 0
001010 0
001001 0
001000 0
000111 0
000110 0
000101 0
000100 0
000011 0
000010 0
000001 1
000000 0

# 7 SNAI2 
.n 7 6 2 4 6 13 24 29
111111 0
111110 0
111101 0
111100 0
111011 0
111010 0
111001 0
111000 0
110111 0
110110 0
110101 0
110100 0
110011 0
110010 0
110001 0
110000 0
101111 0
101110 0
101101 0
101100 0
101011 0
101010 0
101001 1
101000 1
100111 0
100110 0
100101 0
100100 0
100011 0
100010 0
100001 1
100000 1
011111 0
011110 0
011101 0
011100 0
011011 0
011010 0
011001 0
011000 0
010111 0
010110 0
010101 0
010100 0
010011 0
010010 0
010001 0
010000 0
001111 0
001110 0
001101 0
001100 0
001011 0
001010 0
001001 1
001000 1
000111 0
000110 0
000101 0
000100 0
000011 0
000010 0
000001 1
000000 0

# 8 Migration 
.n 8 8 9 11 12 13 19 20 28 30
11111111 0
11111110 0
11111101 0
11111100 0
11111011 0
11111010 0
11111001 0
11111000 0
11110111 0
11110110 0
11110101 0
11110100 0
11110011 0
11110010 0
11110001 0
11110000 0
11101111 0
11101110 0
11101101 0
11101100 0
11101011 0
11101010 0
11101001 0
11101000 0
11100111 0
11100110 1
11100101 0
11100100 0
11100011 0
11100010 0
11100001 0
11100000 0
11011111 0
11011110 0
11011101 0
11011100 0
11011011 0
11011010 0
11011001 0
11011000 0
11010111 0
11010110 0
11010101 0
11010100 0
11010011 0
11010010 0
11010001 0
11010000 0
11001111 0
11001110 0
11001101 0
11001100 0
11001011 0
11001010 0
11001001 0
11001000 0
11000111 0
11000110 0
11000101 0
11000100 0
11000011 0
11000010 0
11000001 0
11000000 0
10111111 0
10111110 0
10111101 0
10111100 0
10111011 0
10111010 0
10111001 0
10111000 0
10110111 0
10110110 0
10110101 0
10110100 0
10110011 0
10110010 0
10110001 0
10110000 0
10101111 0
10101110 0
10101101 0
10101100 0
10101011 0
10101010 0
10101001 0
10101000 0
10100111 0
10100110 0
10100101 0
10100100 0
10100011 0
10100010 0
10100001 0
10100000 0
10011111 0
10011110 0
10011101 0
10011100 0
10011011 0
10011010 0
10011001 0
10011000 0
10010111 0
10010110 0
10010101 0
10010100 0
10010011 0
10010010 0
10010001 0
10010000 0
10001111 0
10001110 0
10001101 0
10001100 0
10001011 0
10001010 0
10001001 0
10001000 0
10000111 0
10000110 0
10000101 0
10000100 0
10000011 0
10000010 0
10000001 0
10000000 0
01111111 0
01111110 0
01111101 0
01111100 0
01111011 0
01111010 0
01111001 0
01111000 0
01110111 0
01110110 0
01110101 0
01110100 0
01110011 0
01110010 0
01110001 0
01110000 0
01101111 0
01101110 0
01101101 0
01101100 0
01101011 0
01101010 0
01101001 0
01101000 0
01100111 0
01100110 0
01100101 0
01100100 0
01100011 0
01100010 0
01100001 0
01100000 0
01011111 0
01011110 0
01011101 0
01011100 0
01011011 0
01011010 0
01011001 0
01011000 0
01010111 0
01010110 0
01010101 0
01010100 0
01010011 0
01010010 0
01010001 0
01010000 0
01001111 0
01001110 0
01001101 0
01001100 0
01001011 0
01001010 0
01001001 0
01001000 0
01000111 0
01000110 0
01000101 0
01000100 0
01000011 0
01000010 0
01000001 0
01000000 0
00111111 0
00111110 0
00111101 0
00111100 0
00111011 0
00111010 0
00111001 0
00111000 0
00110111 0
00110110 0
00110101 0
00110100 0
00110011 0
00110010 0
00110001 0
00110000 0
00101111 0
00101110 0
00101101 0
00101100 0
00101011 0
00101010 0
00101001 0
00101000 0
00100111 0
00100110 0
00100101 0
00100100 0
00100011 0
00100010 0
00100001 0
00100000 0
00011111 0
00011110 0
00011101 0
00011100 0
00011011 0
00011010 0
00011001 0
00011000 0
00010111 0
00010110 0
00010101 0
00010100 0
00010011 0
00010010 0
00010001 0
00010000 0
00001111 0
00001110 0
00001101 0
00001100 0
00001011 0
00001010 0
00001001 0
00001000 0
00000111 0
00000110 0
00000101 0
00000100 0
00000011 0
00000010 0
00000001 0
00000000 0

# 9 Invasion 
.n 9 3 1 5 29
111 1
110 1
101 1
100 0
011 1
010 0
001 1
000 0

# 10 p73 
.n 10 5 4 25 28 30 32
11111 0
11110 0
11101 0
11100 0
11011 0
11010 0
11001 0
11000 0
10111 0
10110 0
10101 0
10100 0
10011 0
10010 0
10001 0
10000 0
01111 0
01110 0
01101 0
01100 0
01011 0
01010 0
01001 0
01000 0
00111 0
00110 0
00101 0
00100 0
00011 0
00010 0
00001 1
00000 0

# 11 EMT 
.n 11 2 1 22
11 0
10 1
01 0
00 0

# 12 ERK 
.n 12 5 1 5 6 15 30
11111 0
11110 1
11101 0
11100 1
11011 0
11010 1
11001 0
11000 1
10111 0
10110 1
10101 0
10100 1
10011 0
10010 1
10001 0
10000 1
01111 0
01110 1
01101 0
01100 1
01011 0
01010 1
01001 0
01000 1
00111 0
00110 1
00101 0
00100 1
00011 0
00010 1
00001 0
00000 0

# 13 miR200 
.n 13 8 4 7 10 17 18 19 25 28
11111111 0
11111110 0
11111101 0
11111100 0
11111011 0
11111010 0
11111001 0
11111000 0
11110111 0
11110110 0
11110101 0
11110100 0
11110011 0
11110010 0
11110001 0
11110000 0
11101111 0
11101110 0
11101101 0
11101100 0
11101011 0
11101010 0
11101001 0
11101000 0
11100111 0
11100110 0
11100101 0
11100100 0
11100011 0
11100010 0
11100001 0
11100000 0
11011111 0
11011110 0
11011101 0
11011100 0
11011011 0
11011010 0
11011001 0
11011000 0
11010111 0
11010110 0
11010101 0
11010100 0
11010011 0
11010010 0
11010001 0
11010000 0
11001111 0
11001110 0
11001101 0
11001100 0
11001011 0
11001010 0
11001001 0
11001000 0
11000111 0
11000110 0
11000101 0
11000100 0
11000011 0
11000010 0
11000001 0
11000000 0
10111111 0
10111110 0
10111101 0
10111100 0
10111011 0
10111010 0
10111001 0
10111000 0
10110111 0
10110110 0
10110101 0
10110100 0
10110011 0
10110010 0
10110001 0
10110000 0
10101111 0
10101110 0
10101101 0
10101100 0
10101011 0
10101010 0
10101001 0
10101000 0
10100111 0
10100110 0
10100101 0
10100100 1
10100011 0
10100010 0
10100001 0
10100000 1
10011111 0
10011110 0
10011101 0
10011100 0
10011011 0
10011010 0
10011001 0
10011000 0
10010111 0
10010110 0
10010101 0
10010100 0
10010011 0
10010010 0
10010001 0
10010000 0
10001111 0
10001110 0
10001101 0
10001100 0
10001011 0
10001010 0
10001001 0
10001000 0
10000111 0
10000110 0
10000101 0
10000100 1
10000011 0
10000010 0
10000001 0
10000000 1
01111111 0
01111110 0
01111101 0
01111100 0
01111011 0
01111010 0
01111001 0
01111000 0
01110111 0
01110110 0
01110101 0
01110100 0
01110011 0
01110010 0
01110001 0
01110000 0
01101111 0
01101110 0
01101101 0
01101100 0
01101011 0
01101010 0
01101001 0
01101000 0
01100111 0
01100110 0
01100101 0
01100100 0
01100011 0
01100010 0
01100001 0
01100000 0
01011111 0
01011110 0
01011101 0
01011100 0
01011011 0
01011010 0
01011001 0
01011000 0
01010111 0
01010110 0
01010101 0
01010100 0
01010011 0
01010010 0
01010001 0
01010000 0
01001111 0
01001110 0
01001101 0
01001100 0
01001011 0
01001010 0
01001001 0
01001000 0
01000111 0
01000110 0
01000101 0
01000100 0
01000011 0
01000010 0
01000001 0
01000000 0
00111111 0
00111110 0
00111101 0
00111100 0
00111011 0
00111010 0
00111001 0
00111000 0
00110111 0
00110110 0
00110101 0
00110100 0
00110011 0
00110010 0
00110001 0
00110000 0
00101111 0
00101110 0
00101101 0
00101100 0
00101011 0
00101010 0
00101001 0
00101000 0
00100111 0
00100110 0
00100101 0
00100100 1
00100011 0
00100010 0
00100001 0
00100000 1
00011111 0
00011110 0
00011101 0
00011100 0
00011011 0
00011010 0
00011001 0
00011000 0
00010111 0
00010110 0
00010101 0
00010100 0
00010011 0
00010010 0
00010001 0
00010000 0
00001111 0
00001110 0
00001101 0
00001100 0
00001011 0
00001010 0
00001001 0
00001000 0
00000111 0
00000110 0
00000101 0
00000100 1
00000011 0
00000010 0
00000001 0
00000000 0

# 14 Metastasis 
.n 14 1 8
1 1
0 0

# 15 GF 
.n 15 3 1 15 22
111 0
110 1
101 0
100 1
011 0
010 1
001 0
000 0

# 16 DKK1 
.n 16 2 6 29
11 1
10 1
01 1
00 0

# 17 ZEB2 
.n 17 6 2 6 7 13 18 24
111111 0
111110 0
111101 0
111100 0
111011 0
111010 1
111001 0
111000 1
110111 0
110110 0
110101 0
110100 0
110011 0
110010 1
110001 0
110000 1
101111 0
101110 0
101101 0
101100 0
101011 0
101010 1
101001 0
101000 1
100111 0
100110 0
100101 0
100100 0
100011 0
100010 1
100001 0
100000 0
011111 0
011110 0
011101 0
011100 0
011011 0
011010 1
011001 0
011000 1
010111 0
010110 0
010101 0
010100 0
010011 0
010010 1
010001 0
010000 1
001111 0
001110 0
001101 0
001100 0
001011 0
001010 1
001001 0
001000 0
000111 0
000110 0
000101 0
000100 0
000011 0
000010 1
000001 0
000000 0

# 18 SNAI1 
.n 18 6 2 4 6 24 26 29
111111 0
111110 0
111101 0
111100 0
111011 0
111010 0
111001 0
111000 0
110111 0
110110 0
110101 0
110100 0
110011 0
110010 0
110001 0
110000 0
101111 0
101110 0
101101 0
101100 0
101011 0
101010 0
101001 0
101000 1
100111 0
100110 0
100101 0
100100 0
100011 0
100010 0
100001 0
100000 1
011111 0
011110 0
011101 0
011100 0
011011 0
011010 0
011001 0
011000 0
010111 0
010110 0
010101 0
010100 0
010011 0
010010 0
010001 0
010000 0
001111 0
001110 0
001101 0
001100 0
001011 0
001010 0
001001 0
001000 1
000111 0
000110 0
000101 0
000100 0
000011 0
000010 0
000001 0
000000 0

# 19 p63 
.n 19 6 4 6 24 28 30 32
111111 0
111110 0
111101 0
111100 0
111011 0
111010 0
111001 0
111000 0
110111 0
110110 0
110101 0
110100 0
110011 0
110010 0
110001 0
110000 0
101111 0
101110 0
101101 0
101100 0
101011 0
101010 0
101001 0
101000 0
100111 0
100110 0
100101 0
100100 0
100011 0
100010 0
100001 0
100000 0
011111 0
011110 0
011101 0
011100 0
011011 0
011010 0
011001 0
011000 0
010111 0
010110 0
010101 0
010100 0
010011 0
010010 0
010001 0
010000 0
001111 0
001110 0
001101 0
001100 0
001011 0
001010 0
001001 0
001000 0
000111 0
000110 0
000101 0
000100 0
000011 0
000010 0
000001 1
000000 0

# 20 VIM 
.n 20 2 17 29
11 1
10 1
01 1
00 0

# 21 CellCycleArrest 
.n 21 6 13 17 23 24 26 30
111111 0
111110 1
111101 0
111100 1
111011 0
111010 1
111001 0
111000 1
110111 0
110110 1
110101 0
110100 1
110011 0
110010 1
110001 0
110000 1
101111 0
101110 1
101101 0
101100 1
101011 0
101010 1
101001 0
101000 1
100111 0
100110 1
100101 0
100100 1
100011 0
100010 1
100001 0
100000 1
011111 0
011110 1
011101 0
011100 1
011011 0
011010 1
011001 0
011000 1
010111 0
010110 1
010101 0
010100 1
010011 0
010010 1
010001 0
010000 1
001111 0
001110 1
001101 0
001100 1
001011 0
001010 1
001001 0
001000 1
000111 0
000110 1
000101 0
000100 1
000011 0
000010 1
000001 0
000000 0

# 22 CDH1 
.n 22 6 2 7 17 18 25 28
111111 0
111110 0
111101 0
111100 0
111011 0
111010 0
111001 0
111000 0
110111 0
110110 0
110101 0
110100 0
110011 0
110010 0
110001 0
110000 0
101111 0
101110 0
101101 0
101100 0
101011 0
101010 0
101001 0
101000 0
100111 0
100110 0
100101 0
100100 0
100011 0
100010 0
100001 0
100000 0
011111 0
011110 0
011101 0
011100 0
011011 0
011010 0
011001 0
011000 0
010111 0
010110 0
010101 0
010100 0
010011 0
010010 0
010001 0
010000 0
001111 0
001110 0
001101 0
001100 0
001011 0
001010 0
001001 0
001000 0
000111 0
000110 0
000101 0
000100 0
000011 0
000010 0
000001 0
000000 1

# 23 p21 
.n 23 8 4 5 6 10 12 19 28 30
11111111 0
11111110 0
11111101 0
11111100 0
11111011 0
11111010 0
11111001 0
11111000 0
11110111 0
11110110 1
11110101 0
11110100 1
11110011 0
11110010 1
11110001 0
11110000 1
11101111 0
11101110 0
11101101 0
11101100 0
11101011 0
11101010 0
11101001 0
11101000 0
11100111 0
11100110 1
11100101 0
11100100 1
11100011 0
11100010 1
11100001 0
11100000 1
11011111 0
11011110 0
11011101 0
11011100 0
11011011 0
11011010 0
11011001 0
11011000 0
11010111 0
11010110 1
11010101 0
11010100 1
11010011 0
11010010 1
11010001 0
11010000 1
11001111 0
11001110 0
11001101 0
11001100 0
11001011 0
11001010 0
11001001 0
11001000 0
11000111 0
11000110 1
11000101 0
11000100 1
11000011 0
11000010 1
11000001 0
11000000 1
10111111 0
10111110 0
10111101 0
10111100 0
10111011 0
10111010 0
10111001 0
10111000 0
10110111 0
10110110 1
10110101 0
10110100 1
10110011 0
10110010 1
10110001 0
10110000 1
10101111 0
10101110 0
10101101 0
10101100 0
10101011 0
10101010 0
10101001 0
10101000 0
10100111 0
10100110 1
10100101 0
10100100 1
10100011 0
10100010 1
10100001 0
10100000 1
10011111 0
10011110 0
10011101 0
10011100 0
10011011 0
10011010 0
10011001 0
10011000 0
10010111 0
10010110 1
10010101 0
10010100 1
10010011 0
10010010 1
10010001 0
10010000 1
10001111 0
10001110 0
10001101 0
10001100 0
10001011 0
10001010 0
10001001 0
10001000 0
10000111 0
10000110 1
10000101 0
10000100 1
10000011 0
10000010 1
10000001 0
10000000 1
01111111 0
01111110 0
01111101 0
01111100 0
01111011 0
01111010 0
01111001 0
01111000 0
01110111 0
01110110 1
01110101 0
01110100 1
01110011 0
01110010 1
01110001 0
01110000 1
01101111 0
01101110 0
01101101 0
01101100 0
01101011 0
01101010 0
01101001 0
01101000 0
01100111 0
01100110 1
01100101 0
01100100 1
01100011 0
01100010 1
01100001 0
01100000 1
01011111 0
01011110 0
01011101 0
01011100 0
01011011 0
01011010 0
01011001 0
01011000 0
01010111 0
01010110 1
01010101 0
01010100 1
01010011 0
01010010 1
01010001 0
01010000 1
01001111 0
01001110 0
01001101 0
01001100 0
01001011 0
01001010 0
01001001 0
01001000 0
01000111 0
01000110 1
01000101 0
01000100 1
01000011 0
01000010 1
01000001 0
01000000 0
00111111 0
00111110 0
00111101 0
00111100 0
00111011 0
00111010 0
00111001 0
00111000 0
00110111 0
00110110 1
00110101 0
00110100 1
00110011 0
00110010 1
00110001 0
00110000 1
00101111 0
00101110 0
00101101 0
00101100 0
00101011 0
00101010 0
00101001 0
00101000 0
00100111 0
00100110 1
00100101 0
00100100 1
00100011 0
00100010 1
00100001 0
00100000 0
00011111 0
00011110 0
00011101 0
00011100 0
00011011 0
00011010 0
00011001 0
00011000 0
00010111 0
00010110 1
00010101 0
00010100 1
00010011 0
00010010 1
00010001 0
00010000 1
00001111 0
00001110 0
00001101 0
00001100 0
00001011 0
00001010 0
00001001 0
00001000 0
00000111 0
00000110 1
00000101 0
00000100 1
00000011 0
00000010 1
00000001 0
00000000 0

# 24 miR203 
.n 24 4 4 17 18 25
1111 0
1110 0
1101 0
1100 0
1011 0
1010 0
1001 0
1000 1
0111 0
0110 0
0101 0
0100 0
0011 0
0010 0
0001 0
0000 0

# 25 ZEB1 
.n 25 6 2 6 7 13 18 29
111111 0
111110 0
111101 0
111100 0
111011 1
111010 1
111001 1
111000 1
110111 0
110110 0
110101 0
110100 0
110011 1
110010 1
110001 1
110000 1
101111 0
101110 0
101101 0
101100 0
101011 1
101010 1
101001 1
101000 1
100111 0
100110 0
100101 0
100100 0
100011 1
100010 1
100001 1
100000 0
011111 0
011110 0
011101 0
011100 0
011011 1
011010 1
011001 1
011000 1
010111 0
010110 0
010101 0
010100 0
010011 1
010010 1
010001 1
010000 1
001111 0
001110 0
001101 0
001100 0
001011 1
001010 1
001001 1
001000 1
000111 0
000110 0
000101 0
000100 0
000011 1
000010 0
000001 1
000000 0

# 26 miR34 
.n 26 8 4 10 17 18 19 25 28 30
11111111 0
11111110 0
11111101 0
11111100 0
11111011 0
11111010 0
11111001 0
11111000 0
11110111 0
11110110 0
11110101 0
11110100 0
11110011 0
11110010 0
11110001 0
11110000 0
11101111 0
11101110 0
11101101 0
11101100 0
11101011 0
11101010 0
11101001 0
11101000 0
11100111 0
11100110 0
11100101 0
11100100 0
11100011 0
11100010 0
11100001 0
11100000 0
11011111 0
11011110 0
11011101 0
11011100 0
11011011 0
11011010 0
11011001 0
11011000 0
11010111 0
11010110 0
11010101 0
11010100 0
11010011 0
11010010 0
11010001 0
11010000 0
11001111 0
11001110 0
11001101 0
11001100 0
11001011 0
11001010 0
11001001 0
11001000 0
11000111 0
11000110 0
11000101 0
11000100 0
11000011 0
11000010 1
11000001 0
11000000 0
10111111 0
10111110 0
10111101 0
10111100 0
10111011 0
10111010 0
10111001 0
10111000 0
10110111 0
10110110 0
10110101 0
10110100 0
10110011 0
10110010 0
10110001 0
10110000 0
10101111 0
10101110 0
10101101 0
10101100 0
10101011 0
10101010 0
10101001 0
10101000 0
10100111 0
10100110 0
10100101 0
10100100 0
10100011 0
10100010 0
10100001 0
10100000 0
10011111 0
10011110 0
10011101 0
10011100 0
10011011 0
10011010 0
10011001 0
10011000 0
10010111 0
10010110 0
10010101 0
10010100 0
10010011 0
10010010 0
10010001 0
10010000 0
10001111 0
10001110 0
10001101 0
10001100 0
10001011 0
10001010 0
10001001 0
10001000 0
10000111 0
10000110 0
10000101 0
10000100 0
10000011 0
10000010 1
10000001 0
10000000 0
01111111 0
01111110 0
01111101 0
01111100 0
01111011 0
01111010 0
01111001 0
01111000 0
01110111 0
01110110 0
01110101 0
01110100 0
01110011 0
01110010 0
01110001 0
01110000 0
01101111 0
01101110 0
01101101 0
01101100 0
01101011 0
01101010 0
01101001 0
01101000 0
01100111 0
01100110 0
01100101 0
01100100 0
01100011 0
01100010 0
01100001 0
01100000 0
01011111 0
01011110 0
01011101 0
01011100 0
01011011 0
01011010 0
01011001 0
01011000 0
01010111 0
01010110 0
01010101 0
01010100 0
01010011 0
01010010 0
01010001 0
01010000 0
01001111 0
01001110 0
01001101 0
01001100 0
01001011 0
01001010 0
01001001 0
01001000 0
01000111 0
01000110 0
01000101 0
01000100 0
01000011 0
01000010 1
01000001 0
01000000 0
00111111 0
00111110 0
00111101 0
00111100 0
00111011 0
00111010 0
00111001 0
00111000 0
00110111 0
00110110 0
00110101 0
00110100 0
00110011 0
00110010 0
00110001 0
00110000 0
00101111 0
00101110 0
00101101 0
00101100 0
00101011 0
00101010 0
00101001 0
00101000 0
00100111 0
00100110 0
00100101 0
00100100 0
00100011 0
00100010 0
00100001 0
00100000 0
00011111 0
00011110 0
00011101 0
00011100 0
00011011 0
00011010 0
00011001 0
00011000 0
00010111 0
00010110 0
00010101 0
00010100 0
00010011 0
00010010 0
00010001 0
00010000 0
00001111 0
00001110 0
00001101 0
00001100 0
00001011 0
00001010 0
00001001 0
00001000 0
00000111 0
00000110 0
00000101 0
00000100 0
00000011 0
00000010 0
00000001 0
00000000 0

# 27 Apoptosis 
.n 27 8 4 10 12 13 17 19 26 30
11111111 0
11111110 0
11111101 0
11111100 0
11111011 0
11111010 0
11111001 0
11111000 0
11110111 0
11110110 0
11110101 0
11110100 0
11110011 0
11110010 0
11110001 0
11110000 0
11101111 0
11101110 0
11101101 0
11101100 0
11101011 0
11101010 0
11101001 0
11101000 0
11100111 0
11100110 0
11100101 0
11100100 0
11100011 0
11100010 0
11100001 0
11100000 0
11011111 0
11011110 0
11011101 0
11011100 0
11011011 0
11011010 0
11011001 0
11011000 0
11010111 0
11010110 1
11010101 0
11010100 1
11010011 0
11010010 1
11010001 0
11010000 1
11001111 0
11001110 0
11001101 0
11001100 0
11001011 0
11001010 0
11001001 0
11001000 0
11000111 0
11000110 1
11000101 0
11000100 1
11000011 0
11000010 1
11000001 0
11000000 1
10111111 0
10111110 0
10111101 0
10111100 0
10111011 0
10111010 0
10111001 0
10111000 0
10110111 0
10110110 0
10110101 0
10110100 0
10110011 0
10110010 0
10110001 0
10110000 0
10101111 0
10101110 0
10101101 0
10101100 0
10101011 0
10101010 0
10101001 0
10101000 0
10100111 0
10100110 0
10100101 0
10100100 0
10100011 0
10100010 0
10100001 0
10100000 0
10011111 0
10011110 0
10011101 0
10011100 0
10011011 0
10011010 0
10011001 0
10011000 0
10010111 0
10010110 1
10010101 0
10010100 1
10010011 0
10010010 1
10010001 0
10010000 1
10001111 0
10001110 0
10001101 0
10001100 0
10001011 0
10001010 0
10001001 0
10001000 0
10000111 0
10000110 1
10000101 0
10000100 1
10000011 0
10000010 1
10000001 0
10000000 1
01111111 0
01111110 0
01111101 0
01111100 0
01111011 0
01111010 0
01111001 0
01111000 0
01110111 0
01110110 0
01110101 0
01110100 0
01110011 0
01110010 0
01110001 0
01110000 0
01101111 0
01101110 0
01101101 0
01101100 0
01101011 0
01101010 0
01101001 0
01101000 0
01100111 0
01100110 0
01100101 0
01100100 0
01100011 0
01100010 0
01100001 0
01100000 0
01011111 0
01011110 0
01011101 0
01011100 0
01011011 0
01011010 0
01011001 0
01011000 0
01010111 0
01010110 1
01010101 0
01010100 1
01010011 0
01010010 1
01010001 0
01010000 1
01001111 0
01001110 0
01001101 0
01001100 0
01001011 0
01001010 0
01001001 0
01001000 0
01000111 0
01000110 1
01000101 0
01000100 1
01000011 0
01000010 1
01000001 0
01000000 1
00111111 0
00111110 0
00111101 0
00111100 0
00111011 0
00111010 0
00111001 0
00111000 0
00110111 0
00110110 0
00110101 0
00110100 0
00110011 0
00110010 0
00110001 0
00110000 0
00101111 0
00101110 0
00101101 0
00101100 0
00101011 0
00101010 0
00101001 0
00101000 0
00100111 0
00100110 0
00100101 0
00100100 0
00100011 0
00100010 0
00100001 0
00100000 0
00011111 0
00011110 0
00011101 0
00011100 0
00011011 0
00011010 0
00011001 0
00011000 0
00010111 0
00010110 1
00010101 0
00010100 1
00010011 0
00010010 1
00010001 0
00010000 1
00001111 0
00001110 0
00001101 0
00001100 0
00001011 0
00001010 0
00001001 0
00001000 0
00000111 0
00000110 1
00000101 0
00000100 1
00000011 0
00000010 1
00000001 0
00000000 0

# 28 AKT2 
.n 28 7 1 2 3 4 15 24 26
1111111 0
1111110 0
1111101 0
1111100 0
1111011 0
1111010 0
1111001 0
1111000 0
1110111 0
1110110 0
1110101 0
1110100 1
1110011 0
1110010 0
1110001 0
1110000 1
1101111 0
1101110 0
1101101 0
1101100 0
1101011 0
1101010 0
1101001 0
1101000 0
1100111 0
1100110 0
1100101 0
1100100 1
1100011 0
1100010 0
1100001 0
1100000 1
1011111 0
1011110 0
1011101 0
1011100 0
1011011 0
1011010 0
1011001 0
1011000 0
1010111 0
1010110 0
1010101 0
1010100 0
1010011 0
1010010 0
1010001 0
1010000 0
1001111 0
1001110 0
1001101 0
1001100 0
1001011 0
1001010 0
1001001 0
1001000 0
1000111 0
1000110 0
1000101 0
1000100 0
1000011 0
1000010 0
1000001 0
1000000 0
0111111 0
0111110 0
0111101 0
0111100 0
0111011 0
0111010 0
0111001 0
0111000 0
0110111 0
0110110 0
0110101 0
0110100 1
0110011 0
0110010 0
0110001 0
0110000 1
0101111 0
0101110 0
0101101 0
0101100 0
0101011 0
0101010 0
0101001 0
0101000 0
0100111 0
0100110 0
0100101 0
0100100 1
0100011 0
0100010 0
0100001 0
0100000 0
0011111 0
0011110 0
0011101 0
0011100 0
0011011 0
0011010 0
0011001 0
0011000 0
0010111 0
0010110 0
0010101 0
0010100 0
0010011 0
0010010 0
0010001 0
0010000 0
0001111 0
0001110 0
0001101 0
0001100 0
0001011 0
0001010 0
0001001 0
0001000 0
0000111 0
0000110 0
0000101 0
0000100 0
0000011 0
0000010 0
0000001 0
0000000 0

# 29 CTNNB1 
.n 29 8 1 4 13 16 19 22 26 30
11111111 0
11111110 0
11111101 0
11111100 0
11111011 0
11111010 0
11111001 0
11111000 0
11110111 0
11110110 0
11110101 0
11110100 0
11110011 0
11110010 0
11110001 0
11110000 0
11101111 0
11101110 0
11101101 0
11101100 0
11101011 0
11101010 0
11101001 0
11101000 0
11100111 0
11100110 0
11100101 0
11100100 0
11100011 0
11100010 0
11100001 0
11100000 0
11011111 0
11011110 0
11011101 0
11011100 0
11011011 0
11011010 0
11011001 0
11011000 0
11010111 0
11010110 0
11010101 0
11010100 0
11010011 0
11010010 0
11010001 0
11010000 0
11001111 0
11001110 0
11001101 0
11001100 0
11001011 0
11001010 0
11001001 0
11001000 0
11000111 0
11000110 0
11000101 0
11000100 0
11000011 0
11000010 0
11000001 0
11000000 0
10111111 0
10111110 0
10111101 0
10111100 0
10111011 0
10111010 0
10111001 0
10111000 0
10110111 0
10110110 0
10110101 0
10110100 0
10110011 0
10110010 0
10110001 0
10110000 0
10101111 0
10101110 0
10101101 0
10101100 0
10101011 0
10101010 0
10101001 0
10101000 0
10100111 0
10100110 0
10100101 0
10100100 0
10100011 0
10100010 0
10100001 0
10100000 0
10011111 0
10011110 0
10011101 0
10011100 0
10011011 0
10011010 0
10011001 0
10011000 0
10010111 0
10010110 0
10010101 0
10010100 0
10010011 0
10010010 0
10010001 0
10010000 0
10001111 0
10001110 0
10001101 0
10001100 0
10001011 0
10001010 0
10001001 0
10001000 0
10000111 0
10000110 0
10000101 0
10000100 0
10000011 0
10000010 0
10000001 0
10000000 0
01111111 0
01111110 0
01111101 0
01111100 0
01111011 0
01111010 0
01111001 0
01111000 0
01110111 0
01110110 0
01110101 0
01110100 0
01110011 0
01110010 0
01110001 0
01110000 0
01101111 0
01101110 0
01101101 0
01101100 0
01101011 0
01101010 0
01101001 0
01101000 0
01100111 0
01100110 0
01100101 0
01100100 0
01100011 0
01100010 0
01100001 0
01100000 0
01011111 0
01011110 0
01011101 0
01011100 0
01011011 0
01011010 0
01011001 0
01011000 0
01010111 0
01010110 0
01010101 0
01010100 0
01010011 0
01010010 0
01010001 0
01010000 0
01001111 0
01001110 0
01001101 0
01001100 0
01001011 0
01001010 0
01001001 0
01001000 0
01000111 0
01000110 0
01000101 0
01000100 0
01000011 0
01000010 0
01000001 0
01000000 0
00111111 0
00111110 0
00111101 0
00111100 0
00111011 0
00111010 0
00111001 0
00111000 0
00110111 0
00110110 0
00110101 0
00110100 0
00110011 0
00110010 0
00110001 0
00110000 0
00101111 0
00101110 0
00101101 0
00101100 0
00101011 0
00101010 0
00101001 0
00101000 0
00100111 0
00100110 0
00100101 0
00100100 0
00100011 0
00100010 0
00100001 0
00100000 0
00011111 0
00011110 0
00011101 0
00011100 0
00011011 0
00011010 0
00011001 0
00011000 0
00010111 0
00010110 0
00010101 0
00010100 0
00010011 0
00010010 0
00010001 0
00010000 0
00001111 0
00001110 0
00001101 0
00001100 0
00001011 0
00001010 0
00001001 0
00001000 0
00000111 0
00000110 0
00000101 0
00000100 0
00000011 0
00000010 0
00000001 0
00000000 1

# 30 AKT1 
.n 30 8 1 3 4 6 15 22 26 29
11111111 0
11111110 0
11111101 0
11111100 0
11111011 0
11111010 0
11111001 0
11111000 0
11110111 0
11110110 0
11110101 0
11110100 0
11110011 0
11110010 0
11110001 0
11110000 0
11101111 0
11101110 0
11101101 0
11101100 0
11101011 0
11101010 0
11101001 0
11101000 0
11100111 0
11100110 0
11100101 0
11100100 0
11100011 0
11100010 0
11100001 0
11100000 0
11011111 0
11011110 0
11011101 0
11011100 0
11011011 0
11011010 0
11011001 1
11011000 0
11010111 0
11010110 0
11010101 0
11010100 0
11010011 0
11010010 0
11010001 1
11010000 0
11001111 0
11001110 0
11001101 0
11001100 0
11001011 0
11001010 0
11001001 1
11001000 0
11000111 0
11000110 0
11000101 0
11000100 0
11000011 0
11000010 0
11000001 1
11000000 0
10111111 0
10111110 0
10111101 0
10111100 0
10111011 0
10111010 0
10111001 0
10111000 0
10110111 0
10110110 0
10110101 0
10110100 0
10110011 0
10110010 0
10110001 0
10110000 0
10101111 0
10101110 0
10101101 0
10101100 0
10101011 0
10101010 0
10101001 0
10101000 0
10100111 0
10100110 0
10100101 0
10100100 0
10100011 0
10100010 0
10100001 0
10100000 0
10011111 0
10011110 0
10011101 0
10011100 0
10011011 0
10011010 0
10011001 1
10011000 0
10010111 0
10010110 0
10010101 0
10010100 0
10010011 0
10010010 0
10010001 1
10010000 0
10001111 0
10001110 0
10001101 0
10001100 0
10001011 0
10001010 0
10001001 1
10001000 0
10000111 0
10000110 0
10000101 0
10000100 0
10000011 0
10000010 0
10000001 1
10000000 0
01111111 0
01111110 0
01111101 0
01111100 0
01111011 0
01111010 0
01111001 0
01111000 0
01110111 0
01110110 0
01110101 0
01110100 0
01110011 0
01110010 0
01110001 0
01110000 0
01101111 0
01101110 0
01101101 0
01101100 0
01101011 0
01101010 0
01101001 0
01101000 0
01100111 0
01100110 0
01100101 0
01100100 0
01100011 0
01100010 0
01100001 0
01100000 0
01011111 0
01011110 0
01011101 0
01011100 0
01011011 0
01011010 0
01011001 1
01011000 0
01010111 0
01010110 0
01010101 0
01010100 0
01010011 0
01010010 0
01010001 1
01010000 0
01001111 0
01001110 0
01001101 0
01001100 0
01001011 0
01001010 0
01001001 1
01001000 0
01000111 0
01000110 0
01000101 0
01000100 0
01000011 0
01000010 0
01000001 1
01000000 0
00111111 0
00111110 0
00111101 0
00111100 0
00111011 0
00111010 0
00111001 0
00111000 0
00110111 0
00110110 0
00110101 0
00110100 0
00110011 0
00110010 0
00110001 0
00110000 0
00101111 0
00101110 0
00101101 0
00101100 0
00101011 0
00101010 0
00101001 0
00101000 0
00100111 0
00100110 0
00100101 0
00100100 0
00100011 0
00100010 0
00100001 0
00100000 0
00011111 0
00011110 0
00011101 0
00011100 0
00011011 0
00011010 0
00011001 1
00011000 0
00010111 0
00010110 0
00010101 0
00010100 0
00010011 0
00010010 0
00010001 1
00010000 0
00001111 0
00001110 0
00001101 0
00001100 0
00001011 0
00001010 0
00001001 1
00001000 0
00000111 0
00000110 0
00000101 0
00000100 0
00000011 0
00000010 0
00000001 0
00000000 0

# 31 ECM 
.n 31 0

# 32 DNAdamage 
.n 32 0

.e End of file
