.v 26

.l 1 Pan
.l 2 Axin
.l 3 Dlp
.l 4 Arr
.l 5 Dsh
.l 6 Nemo
.l 7 Targets
.l 8 Arm
.l 9 Sgg
.l 10 Fz
.l 11 APC
.l 12 Dally
.l 13 Hyx
.l 14 Wf
.l 15 Proteasome
.l 16 Gro
.l 17 Nkd
.l 18 Hipk
.l 19 Boca
.l 20 Nej
.l 21 Wg
.l 22 CK1alpha
.l 23 Ttv
.l 24 Lgs
.l 25 Slmb
.l 26 Pygo

# 1 Pan 
.n 1 2 6 8
11 0
10 0
01 1
00 0

# 2 Axin 
.n 2 1 5
1 0
0 1

# 3 Dlp 
.n 3 2 14 23
11 0
10 0
01 1
00 0

# 4 Arr 
.n 4 1 21
1 1
0 0

# 5 Dsh 
.n 5 3 4 10 17
111 0
110 1
101 0
100 1
011 0
010 1
001 0
000 0

# 6 Nemo 
.n 6 1 1
1 1
0 0

# 7 Targets 
.n 7 6 1 13 16 20 24 26
111111 0
111110 0
111101 0
111100 0
111011 0
111010 0
111001 0
111000 0
110111 1
110110 0
110101 0
110100 0
110011 0
110010 0
110001 0
110000 0
101111 0
101110 0
101101 0
101100 0
101011 0
101010 0
101001 0
101000 0
100111 0
100110 0
100101 0
100100 0
100011 0
100010 0
100001 0
100000 0
011111 0
011110 0
011101 0
011100 0
011011 0
011010 0
011001 0
011000 0
010111 0
010110 0
010101 0
010100 0
010011 0
010010 0
010001 0
010000 0
001111 0
001110 0
001101 0
001100 0
001011 0
001010 0
001001 0
001000 0
000111 0
000110 0
000101 0
000100 0
000011 0
000010 0
000001 0
000000 0

# 8 Arm 
.n 8 7 2 9 11 15 18 22 25
1111111 0
1111110 1
1111101 0
1111100 0
1111011 0
1111010 0
1111001 0
1111000 0
1110111 1
1110110 1
1110101 0
1110100 0
1110011 0
1110010 0
1110001 0
1110000 0
1101111 1
1101110 1
1101101 0
1101100 0
1101011 0
1101010 0
1101001 0
1101000 0
1100111 1
1100110 1
1100101 0
1100100 0
1100011 0
1100010 0
1100001 0
1100000 0
1011111 1
1011110 1
1011101 0
1011100 0
1011011 0
1011010 0
1011001 0
1011000 0
1010111 1
1010110 1
1010101 0
1010100 0
1010011 0
1010010 0
1010001 0
1010000 0
1001111 1
1001110 1
1001101 0
1001100 0
1001011 0
1001010 0
1001001 0
1001000 0
1000111 1
1000110 1
1000101 0
1000100 0
1000011 0
1000010 0
1000001 0
1000000 0
0111111 1
0111110 1
0111101 0
0111100 0
0111011 0
0111010 0
0111001 0
0111000 0
0110111 1
0110110 1
0110101 0
0110100 0
0110011 0
0110010 0
0110001 0
0110000 0
0101111 1
0101110 1
0101101 0
0101100 0
0101011 0
0101010 0
0101001 0
0101000 0
0100111 1
0100110 1
0100101 0
0100100 0
0100011 0
0100010 0
0100001 0
0100000 0
0011111 1
0011110 1
0011101 0
0011100 0
0011011 0
0011010 0
0011001 0
0011000 0
0010111 1
0010110 1
0010101 0
0010100 0
0010011 0
0010010 0
0010001 0
0010000 0
0001111 1
0001110 1
0001101 0
0001100 0
0001011 0
0001010 0
0001001 0
0001000 0
0000111 1
0000110 1
0000101 0
0000100 0
0000011 0
0000010 0
0000001 0
0000000 0

# 9 Sgg 
.n 9 1 5
1 0
0 1

# 10 Fz 
.n 10 2 19 21
11 1
10 0
01 0
00 0

# 11 APC 
.n 11 1 5
1 0
0 1

# 12 Dally 
.n 12 2 14 23
11 0
10 0
01 1
00 0

# 13 Hyx 
.n 13 0

# 14 Wf 
.n 14 0

# 15 Proteasome 
.n 15 0

# 16 Gro 
.n 16 0

# 17 Nkd 
.n 17 0

# 18 Hipk 
.n 18 0

# 19 Boca 
.n 19 0

# 20 Nej 
.n 20 0

# 21 Wg 
.n 21 0

# 22 CK1alpha 
.n 22 0

# 23 Ttv 
.n 23 0

# 24 Lgs 
.n 24 0

# 25 Slmb 
.n 25 0

# 26 Pygo 
.n 26 0

.e End of file
