.v 26

.l 1 APC
.l 2 Arm
.l 3 Arr
.l 4 Axin
.l 5 Dally
.l 6 Dlp
.l 7 Dsh
.l 8 Fz
.l 9 Nemo
.l 10 Pan
.l 11 Sgg
.l 12 Targets
.l 13 CK1alpha
.l 14 Hipk
.l 15 Proteasome
.l 16 Slmb
.l 17 Wg
.l 18 Ttv
.l 19 Wf
.l 20 Nkd
.l 21 Boca
.l 22 Gro
.l 23 Hyx
.l 24 Lgs
.l 25 Nej
.l 26 Pygo

# 1 APC 
.n 1 1 7
0 1
1 0

# 2 Arm 
.n 2 7 1 4 13 14 15 11 16
0000000 0
0000001 0
0000010 0
0000011 0
0000100 0
0000101 0
0000110 0
0000111 0
0001000 0
0001001 0
0001010 0
0001011 0
0001100 0
0001101 0
0001110 0
0001111 0
0010000 0
0010001 0
0010010 0
0010011 0
0010100 0
0010101 0
0010110 0
0010111 0
0011000 1
0011001 1
0011010 1
0011011 1
0011100 1
0011101 1
0011110 1
0011111 1
0100000 0
0100001 0
0100010 0
0100011 0
0100100 0
0100101 0
0100110 0
0100111 0
0101000 0
0101001 0
0101010 0
0101011 0
0101100 0
0101101 0
0101110 0
0101111 0
0110000 0
0110001 0
0110010 0
0110011 0
0110100 0
0110101 0
0110110 0
0110111 0
0111000 1
0111001 1
0111010 1
0111011 1
0111100 1
0111101 1
0111110 1
0111111 1
1000000 0
1000001 0
1000010 0
1000011 0
1000100 0
1000101 0
1000110 0
1000111 0
1001000 0
1001001 0
1001010 0
1001011 0
1001100 0
1001101 0
1001110 0
1001111 0
1010000 0
1010001 0
1010010 0
1010011 0
1010100 0
1010101 0
1010110 0
1010111 0
1011000 1
1011001 1
1011010 1
1011011 1
1011100 1
1011101 1
1011110 1
1011111 1
1100000 0
1100001 0
1100010 0
1100011 0
1100100 0
1100101 0
1100110 0
1100111 0
1101000 0
1101001 0
1101010 0
1101011 0
1101100 0
1101101 0
1101110 0
1101111 0
1110000 0
1110001 0
1110010 0
1110011 0
1110100 0
1110101 0
1110110 0
1110111 0
1111000 1
1111001 1
1111010 1
1111011 1
1111100 1
1111101 1
1111110 1
1111111 0

# 3 Arr 
.n 3 1 17
0 0
1 1

# 4 Axin 
.n 4 1 7
0 1
1 0

# 5 Dally 
.n 5 2 18 19
00 0
01 0
10 1
11 0

# 6 Dlp 
.n 6 2 18 19
00 0
01 0
10 1
11 0

# 7 Dsh 
.n 7 3 3 8 20
000 0
001 0
010 1
011 0
100 1
101 0
110 1
111 0

# 8 Fz 
.n 8 2 21 17
00 0
01 0
10 0
11 1

# 9 Nemo 
.n 9 1 10
0 0
1 1

# 10 Pan 
.n 10 2 2 9
00 0
01 0
10 1
11 0

# 11 Sgg 
.n 11 1 7
0 1
1 0

# 12 Targets 
.n 12 6 22 23 24 25 10 26
000000 0
000001 0
000010 0
000011 0
000100 0
000101 0
000110 0
000111 0
001000 0
001001 0
001010 0
001011 0
001100 0
001101 0
001110 0
001111 0
010000 0
010001 0
010010 0
010011 0
010100 0
010101 0
010110 0
010111 0
011000 0
011001 0
011010 0
011011 0
011100 0
011101 0
011110 0
011111 1
100000 0
100001 0
100010 0
100011 0
100100 0
100101 0
100110 0
100111 0
101000 0
101001 0
101010 0
101011 0
101100 0
101101 0
101110 0
101111 0
110000 0
110001 0
110010 0
110011 0
110100 0
110101 0
110110 0
110111 0
111000 0
111001 0
111010 0
111011 0
111100 0
111101 0
111110 0
111111 0

# 13 CK1alpha 
.n 13 0

# 14 Hipk 
.n 14 0

# 15 Proteasome 
.n 15 0

# 16 Slmb 
.n 16 0

# 17 Wg 
.n 17 0

# 18 Ttv 
.n 18 0

# 19 Wf 
.n 19 0

# 20 Nkd 
.n 20 0

# 21 Boca 
.n 21 0

# 22 Gro 
.n 22 0

# 23 Hyx 
.n 23 0

# 24 Lgs 
.n 24 0

# 25 Nej 
.n 25 0

# 26 Pygo 
.n 26 0

.e End of file
