# total number of nodes
.v 7

# labels of nodes and names of corresponding components
.l 1 One
.l 2 Two
.l 3 Three
.l 4 Four
.l 5 Five
.l 6 Six
.l 7 Seven

# 1 = One
.n 1 0
1

# 2 = Two
.n 2 0
1

# 3 = Three
.n 3 0
1

# 4 = Four
.n 4 0
1

# 5 = Five
.n 5 0
1

# 6 = Six
.n 6 0
1

# 7 = Seven
.n 7 6 1 2 3 4 5 6
000000 0
000001 0
000010 0
000011 0
000100 0
000101 0
000110 0
000111 0
001000 0
001001 1
001010 1
001011 1
001100 1
001101 1
001110 1
001111 1
010000 0
010001 0
010010 0
010011 0
010100 0
010101 0
010110 0
010111 0
011000 0
011001 0
011010 0
011011 0
011100 0
011101 0
011110 0
011111 0
100000 0
100001 0
100010 0
100011 0
100100 0
100101 0
100110 0
100111 0
101000 1
101001 1
101010 1
101011 1
101100 1
101101 1
101110 1
101111 0
110000 0
110001 0
110010 0
110011 0
110100 0
110101 0
110110 0
110111 0
111000 0
111001 0
111010 0
111011 0
111100 0
111101 0
111110 0
111111 0

.e end of file