.v 15 

.l 1 AP3 
.l 2 UFO 
.l 3 FUL 
.l 4 FT 
.l 5 AP1 
.l 6 EMF1 
.l 7 LFY 
.l 8 AP2 
.l 9 WUS 
.l 10 AG 
.l 11 LUG 
.l 12 CLF 
.l 13 TFL1 
.l 14 PI 
.l 15 SEP 

# 1 = AP3 
.n 1 7 1 2 5 7 10 14 15
0000000 0
0000001 0
0000010 0
0000011 0
0000100 0
0000101 0
0000110 0
0000111 0
0001000 0
0001001 0
0001010 0
0001011 0
0001100 0
0001101 0
0001110 0
0001111 0
0010000 0
0010001 0
0010010 0
0010011 0
0010100 0
0010101 0
0010110 0
0010111 0
0011000 0
0011001 0
0011010 0
0011011 0
0011100 0
0011101 0
0011110 0
0011111 0
0100000 0
0100001 0
0100010 0
0100011 0
0100100 0
0100101 0
0100110 0
0100111 0
0101000 1
0101001 1
0101010 1
0101011 1
0101100 1
0101101 1
0101110 1
0101111 1
0110000 0
0110001 0
0110010 0
0110011 0
0110100 0
0110101 0
0110110 0
0110111 0
0111000 1
0111001 1
0111010 1
0111011 1
0111100 1
0111101 1
0111110 1
0111111 1
1000000 0
1000001 0
1000010 0
1000011 0
1000100 0
1000101 0
1000110 0
1000111 1
1001000 0
1001001 0
1001010 0
1001011 0
1001100 0
1001101 0
1001110 0
1001111 1
1010000 0
1010001 0
1010010 0
1010011 1
1010100 0
1010101 0
1010110 0
1010111 1
1011000 0
1011001 0
1011010 0
1011011 1
1011100 0
1011101 0
1011110 0
1011111 1
1100000 0
1100001 0
1100010 0
1100011 0
1100100 0
1100101 0
1100110 0
1100111 1
1101000 1
1101001 1
1101010 1
1101011 1
1101100 1
1101101 1
1101110 1
1101111 1
1110000 0
1110001 0
1110010 0
1110011 1
1110100 0
1110101 0
1110110 0
1110111 1
1111000 1
1111001 1
1111010 1
1111011 1
1111100 1
1111101 1
1111110 1
1111111 1

# 2 = UFO 
.n 2 0

# 3 = FUL 
.n 3 2 5 13
00 1
01 0
10 0
11 0

# 4 = FT 
.n 4 1 6
0 1
1 0

# 5 = AP1 
.n 5 4 4 7 10 13
0000 1
0001 0
0010 0
0011 0
0100 1
0101 1
0110 0
0111 0
1000 1
1001 1
1010 0
1011 0
1100 1
1101 1
1110 0
1111 0

# 6 = EMF1 
.n 6 1 7
0 1
1 0

# 7 = LFY 
.n 7 4 3 5 6 13
0000 1
0001 1
0010 1
0011 0
0100 1
0101 1
0110 1
0111 0
1000 1
1001 1
1010 1
1011 0
1100 1
1101 1
1110 1
1111 0

# 8 = AP2 
.n 8 1 13
0 1
1 0

# 9 = WUS 
.n 9 3 9 10 15
000 0
001 0
010 0
011 0
100 1
101 1
110 1
111 0

# 10 = AG 
.n 10 9 5 7 8 9 10 11 12 13 15
000000000 1
000000001 1
000000010 0
000000011 0
000000100 1
000000101 1
000000110 0
000000111 0
000001000 1
000001001 1
000001010 0
000001011 0
000001100 1
000001101 1
000001110 0
000001111 0
000010000 1
000010001 1
000010010 0
000010011 0
000010100 1
000010101 1
000010110 0
000010111 0
000011000 1
000011001 1
000011010 0
000011011 0
000011100 1
000011101 1
000011110 0
000011111 0
000100000 1
000100001 1
000100010 0
000100011 0
000100100 1
000100101 1
000100110 0
000100111 0
000101000 1
000101001 1
000101010 0
000101011 0
000101100 1
000101101 1
000101110 0
000101111 0
000110000 1
000110001 1
000110010 0
000110011 0
000110100 1
000110101 1
000110110 0
000110111 0
000111000 1
000111001 1
000111010 0
000111011 0
000111100 1
000111101 1
000111110 0
000111111 0
001000000 0
001000001 0
001000010 0
001000011 0
001000100 0
001000101 0
001000110 0
001000111 0
001001000 0
001001001 0
001001010 0
001001011 0
001001100 0
001001101 0
001001110 0
001001111 0
001010000 0
001010001 0
001010010 0
001010011 0
001010100 0
001010101 0
001010110 0
001010111 0
001011000 0
001011001 0
001011010 0
001011011 0
001011100 0
001011101 0
001011110 0
001011111 0
001100000 0
001100001 0
001100010 0
001100011 0
001100100 0
001100101 0
001100110 0
001100111 0
001101000 0
001101001 0
001101010 0
001101011 0
001101100 0
001101101 0
001101110 0
001101111 0
001110000 0
001110001 0
001110010 0
001110011 0
001110100 0
001110101 0
001110110 0
001110111 0
001111000 0
001111001 0
001111010 0
001111011 0
001111100 0
001111101 0
001111110 0
001111111 0
010000000 1
010000001 1
010000010 1
010000011 1
010000100 1
010000101 1
010000110 1
010000111 1
010001000 1
010001001 1
010001010 1
010001011 1
010001100 1
010001101 1
010001110 1
010001111 1
010010000 1
010010001 1
010010010 1
010010011 1
010010100 1
010010101 1
010010110 1
010010111 1
010011000 1
010011001 1
010011010 1
010011011 1
010011100 1
010011101 1
010011110 1
010011111 1
010100000 1
010100001 1
010100010 1
010100011 1
010100100 1
010100101 1
010100110 1
010100111 1
010101000 1
010101001 1
010101010 1
010101011 1
010101100 1
010101101 1
010101110 1
010101111 1
010110000 1
010110001 1
010110010 1
010110011 1
010110100 1
010110101 1
010110110 1
010110111 1
010111000 1
010111001 1
010111010 1
010111011 1
010111100 1
010111101 1
010111110 1
010111111 1
011000000 1
011000001 1
011000010 1
011000011 1
011000100 1
011000101 1
011000110 1
011000111 1
011001000 1
011001001 1
011001010 1
011001011 1
011001100 1
011001101 1
011001110 1
011001111 1
011010000 1
011010001 1
011010010 1
011010011 1
011010100 1
011010101 1
011010110 1
011010111 1
011011000 1
011011001 1
011011010 1
011011011 1
011011100 1
011011101 1
011011110 1
011011111 1
011100000 1
011100001 1
011100010 1
011100011 1
011100100 1
011100101 1
011100110 1
011100111 1
011101000 1
011101001 1
011101010 1
011101011 1
011101100 1
011101101 1
011101110 1
011101111 1
011110000 1
011110001 1
011110010 1
011110011 1
011110100 1
011110101 1
011110110 1
011110111 1
011111000 1
011111001 1
011111010 1
011111011 1
011111100 1
011111101 1
011111110 1
011111111 1
100000000 1
100000001 1
100000010 0
100000011 0
100000100 1
100000101 1
100000110 0
100000111 0
100001000 1
100001001 1
100001010 0
100001011 0
100001100 1
100001101 1
100001110 0
100001111 0
100010000 1
100010001 1
100010010 0
100010011 0
100010100 1
100010101 1
100010110 0
100010111 0
100011000 1
100011001 1
100011010 0
100011011 0
100011100 1
100011101 1
100011110 0
100011111 0
100100000 1
100100001 1
100100010 0
100100011 0
100100100 1
100100101 1
100100110 0
100100111 0
100101000 1
100101001 1
100101010 0
100101011 0
100101100 1
100101101 1
100101110 0
100101111 0
100110000 1
100110001 1
100110010 0
100110011 0
100110100 1
100110101 1
100110110 0
100110111 0
100111000 1
100111001 1
100111010 0
100111011 0
100111100 1
100111101 1
100111110 0
100111111 0
101000000 0
101000001 0
101000010 0
101000011 0
101000100 0
101000101 0
101000110 0
101000111 0
101001000 0
101001001 0
101001010 0
101001011 0
101001100 0
101001101 0
101001110 0
101001111 0
101010000 0
101010001 0
101010010 0
101010011 0
101010100 0
101010101 0
101010110 0
101010111 0
101011000 0
101011001 0
101011010 0
101011011 0
101011100 0
101011101 0
101011110 0
101011111 0
101100000 0
101100001 0
101100010 0
101100011 0
101100100 0
101100101 0
101100110 0
101100111 0
101101000 0
101101001 0
101101010 0
101101011 0
101101100 0
101101101 0
101101110 0
101101111 0
101110000 0
101110001 0
101110010 0
101110011 0
101110100 0
101110101 0
101110110 0
101110111 0
101111000 0
101111001 0
101111010 0
101111011 0
101111100 0
101111101 0
101111110 0
101111111 0
110000000 1
110000001 1
110000010 1
110000011 1
110000100 1
110000101 1
110000110 1
110000111 1
110001000 1
110001001 1
110001010 1
110001011 1
110001100 1
110001101 1
110001110 1
110001111 1
110010000 1
110010001 1
110010010 1
110010011 1
110010100 1
110010101 1
110010110 1
110010111 1
110011000 1
110011001 1
110011010 1
110011011 1
110011100 1
110011101 1
110011110 1
110011111 1
110100000 1
110100001 1
110100010 1
110100011 1
110100100 1
110100101 1
110100110 1
110100111 1
110101000 1
110101001 1
110101010 1
110101011 1
110101100 1
110101101 1
110101110 1
110101111 1
110110000 1
110110001 1
110110010 1
110110011 1
110110100 1
110110101 1
110110110 1
110110111 1
110111000 1
110111001 1
110111010 1
110111011 1
110111100 1
110111101 1
110111110 1
110111111 1
111000000 1
111000001 1
111000010 1
111000011 1
111000100 1
111000101 1
111000110 1
111000111 1
111001000 1
111001001 1
111001010 1
111001011 1
111001100 0
111001101 0
111001110 0
111001111 0
111010000 1
111010001 1
111010010 1
111010011 1
111010100 1
111010101 1
111010110 1
111010111 1
111011000 1
111011001 1
111011010 1
111011011 1
111011100 0
111011101 1
111011110 0
111011111 1
111100000 1
111100001 1
111100010 1
111100011 1
111100100 1
111100101 1
111100110 1
111100111 1
111101000 1
111101001 1
111101010 1
111101011 1
111101100 1
111101101 1
111101110 1
111101111 1
111110000 1
111110001 1
111110010 1
111110011 1
111110100 1
111110101 1
111110110 1
111110111 1
111111000 1
111111001 1
111111010 1
111111011 1
111111100 1
111111101 1
111111110 1
111111111 1

# 11 = LUG 
.n 11 0

# 12 = CLF 
.n 12 0

# 13 = TFL1 
.n 13 4 5 6 7 8
0000 0
0001 0
0010 0
0011 0
0100 1
0101 1
0110 0
0111 0
1000 0
1001 0
1010 0
1011 0
1100 0
1101 0
1110 0
1111 0

# 14 = PI 
.n 14 6 1 5 7 10 14 15
000000 0
000001 0
000010 0
000011 0
000100 0
000101 0
000110 0
000111 0
001000 0
001001 0
001010 0
001011 0
001100 1
001101 1
001110 1
001111 1
010000 0
010001 0
010010 0
010011 0
010100 0
010101 0
010110 0
010111 0
011000 0
011001 0
011010 0
011011 0
011100 1
011101 1
011110 1
011111 1
100000 0
100001 0
100010 0
100011 0
100100 0
100101 0
100110 0
100111 1
101000 1
101001 1
101010 1
101011 1
101100 1
101101 1
101110 1
101111 1
110000 0
110001 0
110010 0
110011 1
110100 0
110101 0
110110 0
110111 1
111000 1
111001 1
111010 1
111011 1
111100 1
111101 1
111110 1
111111 1

# 15 = SEP 
.n 15 1 7
0 0
1 1


.e End of File